tweet_id
1434758259685036032
1434758260075253760
1434758261299941376
1434758261719379970
1434758262025592833
1434758263413764097
1434758265460588548
1434758268245663746
1434758272448450561
1434758276877488131
1434758276927918080
1434758282657284102
1434758286700539909
1434758288260829187
1434758292169887745
1434758296095768577
1434758299996540932
1434758301720485888
1434758309660139522
1434758318174654466
1434758321840406529
1434758327741739010
1434758338001178624
1434758345542410246
1434758346314338307
1434758349661384705
1434758354237329412
1434758358960017412
1434758361497542656
1434758361883582464
1434758369181683712
1434758373258383364
1434758375212912640
1434758381340815360
1434758387166695426
1434758396033441794
1434758402178232320
1434758406875664384
1434758413695791105
1434758447623442436
1434758448663564294
1434758449343000579
1434758456121122816
1434758456276307970
1434758461384839178
1434758479361699844
1434758479936372739
1434758490501697538
1434758491177168899
1434758491420332034
1434758496663212033
1434758499213348868
1434758500857561092
1434758507593551872
1434758510085120003
1434758510470852614
1434758511200595968
1434758515449606145
1434758526799278081
1434758532755197958
1434758538966884356
1434758545442885633
1434758546030317570
1434758549326946306
1434758555710672904
1434758567307980804
1434758570055249927
1434758572563308548
1434758575717486594
1434758576292122629
1434758578628227073
1434758580297666560
1434758582638161920
1434758594252185601
1434758613239619591
1434758616125485058
1434758620453867524
1434758628951486466
1434758651076612096
1434758652364197889
1434758654712975364
1434758667841249284
1434758677693538305
1434758678243069954
1434758680008794126
1434758692612624386
1434758704558051330
1434758709377318916
1434758714007769090
1434758714758557702
1434758717065482240
1434758718718025728
1434758719632379905
1434758719774990340
1434758722379816961
1434758731254968323
1434758732072685577
1434758732672552962
1434758735658995713
1434758737181478912
1434758742034157571
1434758742839468033
1434758750108209152
1434758757913743361
1434758758849294341
1434758760967426054
1434758767254642691
1434758767992709122
1434758771977379844
1434758772694700036
1434758778163904512
1434758779514417159
1434758794639151105
1434758799953334274
1434758800238682125
1434758800913752066
1434758802499379202
1434758805762478082
1434758832463384578
1434758842206892033
1434758867942920195
1434758877204074498
1434758881003982851
1434758886376951812
1434758888994246656
1434758899098259465
1434758901207994373
1434758902734721030
1434758903426953218
1434758904580247552
1434758915191971844
1434758926914899971
1434758928320004096
1434758932820545538
1434758933533523970
1434758949299965953
1434758952172937218
1434758957038399488
1434758957969543177
1434758978664230917
1434758978945253382
1434758979926646784
1434758983294857218
1434758992689975298
1434758997488193540
1434758999015047168
1434759006711517184
1434759010331213828
1434759011413364744
1434759020464599040
1434759029650296833
1434759030115684355
1434759038126804996
1434759039276052485
1434759044036759555
1434759049090715649
1434759056095330307
1434759057647161347
1434759058041589763
1434759064223891460
1434759066358730754
1434759067394711554
1434759067537448960
1434759072222523394
1434759074629914627
1434759080350912514
1434759098172542982
1434759101754576898
1434759111204384768
1434759122675589120
1434759142015635459
1434759145173884930
1434759151490674689
1434759159107436545
1434759159124135940
1434759161837879296
1434759165839282177
1434759177344327683
1434759180359921664
1434759188417179648
1434759194796720129
1434759198546403328
1434759203764137986
1434759206394023936
1434759210680475652
1434759211238428676
1434759214233120768
1434759219387920388
1434759221363552258
1434759225218056195
1434759228535840770
1434759234185400326
1434759237125562375
1434759244520296450
1434759245237391369
1434759247309443074
1434759248194408448
1434759261691658240
1434759263700746240
1434759266443960320
1434759277005062146
1434759278150053890
1434759284777226241
1434759285511098371
1434759289118265346
1434759293882945537
1434759305534664709
1434759318579003395
1434759328431366150
1434759333473132549
1434759339261059076
1434759347733729281
1434759350871117824
1434759351831433224
1434759352016150528
1434759364141744131
1434759366159347712
1434759372060516363
1434759374392733696
1434759375889915907
1434759380025577477
1434759404335816704
1434759408987213824
1434759416499224581
1434759417816240135
1434759429203709954
1434759430273372165
1434759438120800258
1434759438611615744
1434759446203297792
1434759449193811970
1434759451873923073
1434759452930940928
1434759453405024256
1434759461361565702
1434759474862981120
1434759489442357252
1434759492487548928
1434759495784169481
1434759501207404546
1434759502125932544
1434759504592130050
1434759506618208257
1434759508870434820
1434759515132477441
1434759521071550464
1434759523013701633
1434759525727444993
1434759542794072064
1434759546132697094
1434759547265044486
1434759553317433349
1434759567062278148
1434759567074865153
1434759576633679874
1434759595176644608
1434759602650816515
1434759604018233345
1434759606564163584
1434759634665885696
1434759635018436608
1434759662289649668
1434759667935186946
1434759682942451718
1434759685882716161
1434759697324601344
1434759719525232641
1434759729172021249
1434759753947762691
1434759777087680513
1434759784511668224
1434759794104090629
1434759801720881155
1434759810948354053
1434759811959169028
1434759812424810498
1434759827620712454
1434759830951051268
1434759835627757568
1434759841344475136
1434759864874532866
1434759866053062660
1434759872004853760
1434759877985857539
1434759881551196161
1434759886533967874
1434759887213367304
1434759889566396416
1434759898642804740
1434759903113998344
1434759922244276235
1434759926836973568
1434759933644390403
1434759955844935683
1434759968985534464
1434759980486250497
1434759996428931072
1434760023574335488
1434760024555810816
1434760025071751169
1434760033049272321
1434760055618867212
1434760055748890624
1434760064120680448
1434760070450065408
1434760091442552835
1434760098803376130
1434760118369800194
1434760120194543620
1434760121301798914
1434760134069297154
1434760143284097026
1434760143913332736
1434760144982732802
1434760155485204482
1434760159776104448
1434760170026848262
1434760170924658690
1434760173562728451
1434760190977523712
1434760193506627586
1434760200074973184
1434760208811585538
1434760224557068292
1434760230059974656
1434760238901743618
1434760246468120580
1434760262847016967
1434760270929440772
1434760273664086020
1434760283709485056
1434760300784340993
1434760320078151683
1434760348326793220
1434760350075789316
1434760373236809729
1434760384703963140
1434760386591412224
1434760407311335424
1434760428555489281
1434760433462759424
1434760460377759744
1434760470368509955
1434760481881870339
1434760493764284416
1434760512772861956
1434760540497203201
1434760555231801344
1434760566715949058
1434760568716423170
1434760568955498501
1434760569983102976
1434760576857788417
1434760579986518016
1434760580884312067
1434760621879279619
1434760632675405824
1434760638702792705
1434760658726256644
1434760660466823171
1434760686903590914
1434760701021614080
1434760703018102785
1434760711968858112
1434760713000656899
1434760728821452812
1434760731958906885
1434760738438991875
1434760740754243585
1434760755505627136
1434760758479495168
1434760763441172483
1434760770991034370
1434760786153549826
1434760788233887744
1434760792176427009
1434760807745789952
1434760808538517505
1434760824514564098
1434760836409561090
1434760839781834757
1434760854428344325
1434760860572872706
1434760873277476869
1434760879191597060
1434760898602622978
1434760916520820738
1434760961974579202
1434760964306395136
1434760988138610692
1434760988520235008
1434760993242902530
1434761006463528960
1434761010615767041
1434761029817278465
1434761034632364038
1434761051229368323
1434761060859351040
1434761072766947329
1434761091830071297
1434761103532335107
1434761112369651716
1434761132774879235
1434761149761863683
1434761150210748416
1434761162965467140
1434761163909173250
1434761176391438341
1434761179478495232
1434761180594126850
1434761182053736452
1434761184964661249
1434761194095714304
1434761219836190721
1434761223199940609
1434761253608697858
1434761261430890496
1434761270754938883
1434761281102286848
1434761294486200324
1434761311737417729
1434761327080185857
1434761331635363844
1434761338169946118
1434761340573335553
1434761346902487043
1434761348701884416
1434761371992739840
1434761386295545857
1434761399276818433
1434761411054342144
1434761412891578370
1434761415521292292
1434761415789735938
1434761422223728641
1434761422454411268
1434761424614608899
1434761433472921604
1434761442914308096
1434761473998340098
1434761483632537602
1434761495884099589
1434761502561611779
1434761511059156995
1434761517321252864
1434761521670860803
1434761541652553736
1434761542478618625
1434761550145986560
1434761556554878978
1434761579350958081
1434761595238764548
1434761601161195524
1434761616084455427
1434761617921564680
1434761629611274242
1434761643473342464
1434761647403454464
1434761670589550592
1434761672359649282
1434761678474731522
1434761687849070594
1434761707256094723
1434761716345278468
1434761724326924295
1434761737056751616
1434761742500859909
1434761752890195970
1434761755817881604
1434761759823306754
1434761761136132099
1434761769260515337
1434761773148778496
1434761777477083137
1434761798620745728
1434761801879543809
1434761802898755584
1434761804077469696
1434761807814553601
1434761832665915393
1434761852429369344
1434761863934328835
1434761864374890496
1434761870615846913
1434761874004971523
1434761880539578371
1434761882066325508
1434761893520941060
1434761896729714689
1434761921366945794
1434761928627433475
1434761933102665731
1434761945576468482
1434761948378263554
1434761949636489220
1434761954984292355
1434761957047943168
1434761958469738502
1434761962953474053
1434761967273582597
1434761972222943232
1434761977549705218
1434761996088512515
1434762009086619649
1434762016913121283
1434762022130880514
1434762023389339648
1434762033233154048
1434762034239975426
1434762034315411458
1434762040631980033
1434762043068981249
1434762047510749186
1434762048395780097
1434762053634428932
1434762053755936777
1434762054770978818
1434762057975570434
1434762063109296134
1434762072961728515
1434762077319565313
1434762080863801345
1434762092809048064
1434762094352601089
1434762098215727104
1434762099683573766
1434762100073771009
1434762105798881284
1434762107929587714
1434762110882312195
1434762112836923394
1434762125499531265
1434762137700814850
1434762148169666564
1434762156642295810
1434762166276476929
1434762166947794947
1434762167144914944
1434762167425789953
1434762177009704961
1434762198287593472
1434762202561536000
1434762208873902082
1434762216276783108
1434762227387564033
1434762228029263873
1434762228067078144
1434762228805390336
1434762275647283200
1434762284346195970
1434762288829980672
1434762289710653448
1434762291795402753
1434762302054559745
1434762303900200961
1434762304189501440
1434762308434239490
1434762309826658305
1434762311684612102
1434762313488289795
1434762322292133890
1434762324267634690
1434762328071761925
1434762333692309504
1434762356391768068
1434762370694385666
1434762387677085696
1434762412318593024
1434762414805839876
1434762418316402692
1434762456262451203
1434762467100479489
1434762469033930753
1434762472460742656
1434762479947685892
1434762485282783234
1434762488067723270
1434762489481342979
1434762507973976075
1434762509974654976
1434762516593270785
1434762521399816197
1434762527095754759
1434762530719617027
1434762536218464256
1434762567096938498
1434762583337103367
1434762587258884099
1434762588076707844
1434762591016919043
1434762624810373120
1434762644234194946
1434762645102493696
1434762647329669122
1434762649007362055
1434762657018564610
1434762660353089539
1434762671166038016
1434762674303164419
1434762676786315270
1434762679474814978
1434762682083672065
1434762695270617089
1434762702157606917
1434762720012750853
1434762720314679297
1434762722378346504
1434762731173732353
1434762734931906570
1434762736249020417
1434762737565974532
1434762739403141121
1434762741177364483
1434762759225233411
1434762764312924162
1434762779915849729
1434762789172625408
1434762797053796355
1434762800098947077
1434762801696944128
1434762803651518464
1434762809875726343
1434762816041336838
1434762826581565440
1434762826841681923
1434762826854273025
1434762830104850432
1434762839089160198
1434762868759609351
1434762883594850306
1434762892964990980
1434762894793527303
1434762897515761675
1434762898656530435
1434762921960116228
1434762932051656709
1434762936719974401
1434762937156214790
1434762937957187587
1434762945645486095
1434762950565236736
1434762955497918470
1434762960291782659
1434762964913901570
1434762966965100546
1434762976578392067
1434762978084016131
1434762982794350597
1434762984761565186
1434762989438001152
1434763010824753152
1434763024112496642
1434763034384347136
1434763038591111171
1434763042533826560
1434763057050292226
1434763065539510273
1434763065556447236
1434763066462244867
1434763077984026628
1434763080903364608
1434763090386640898
1434763098246713345
1434763122858881026
1434763126101131265
1434763130605821954
1434763140776955905
1434763149232664579
1434763160481943552
1434763170594254856
1434763172922023938
1434763178110590979
1434763183252717569
1434763191909715971
1434763196938604559
1434763197932838919
1434763199321034757
1434763218015059972
1434763219759878147
1434763236801396744
1434763248859971584
1434763254190936070
1434763254337658883
1434763254467686402
1434763256824885253
1434763259706548226
1434763269080698880
1434763278148780038
1434763281147723780
1434763285232902144
1434763285291679746
1434763287590285312
1434763296243060736
1434763300634435587
1434763310419828739
1434763317302661122
1434763317969506304
1434763327910023172
1434763351368871936
1434763365205909510
1434763365499478017
1434763368309559298
1434763374953435143
1434763375435677696
1434763399557271552
1434763402757427201
1434763418989318146
1434763438182522883
1434763449502945280
1434763458399010818
1434763468071006208
1434763473418797061
1434763484793868289
1434763492238708740
1434763551156183041
1434763552737292290
1434763572387713025
1434763580050755591
1434763580704964610
1434763607942725633
1434763620336877569
1434763625496039426
1434763654839296002
1434763656777109507
1434763691526967297
1434763701878415361
1434763708652310528
1434763722136883203
1434763724372561921
1434763724498214920
1434763747483078659
1434763753892032518
1434763772950827015
1434763792399753221
1434763829682970625
1434763832384176133
1434763871567364101
1434763874025234432
1434763907474800640
1434763919395106818
1434763926705672194
1434763939720556549
1434763943361273863
1434763950361509888
1434763964181843968
1434763972633366528
1434764009127952387
1434764019609612290
1434764043475095557
1434764047409246215
1434764061493788676
1434764070641717253
1434764104632209412
1434764112064614404
1434764125868109839
1434764136051793923
1434764146302603281
1434764152803893248
1434764164573114380
1434764169480388613
1434764173129490438
1434764210035167233
1434764222689390600
1434764227810496518
1434764249759244289
1434764269376184322
1434764290414682114
1434764295691063301
1434764303773491203
1434764356600881153
1434764376255303682
1434764405854572545
1434764413043548161
1434764436653285384
1434764459772465153
1434764471478673412
1434764478684426245
1434764485173002240
1434764491129069568
1434764500108857350
1434764520241745925
1434764524993851393
1434764543461310464
1434764570745257988
1434764577879691268
1434764592190607362
1434764592635318278
1434764612159741952
1434764617306173442
1434764627712348160
1434764652559228928
1434764671807012864
1434764692904316933
1434764693369810944
1434764725779320837
1434764729654956039
1434764737720602626
1434764765826482179
1434764790551887879
1434764798265266182
1434764805131362304
1434764810428694528
1434764814148988931
1434764822948810754
1434764833849815040
1434764855781691392
1434764857614680066
1434764896751681541
1434764897083015169
1434764904217546754
1434764908214771712
1434764909900824577
1434764916385271814
1434764948865957888
1434764966087757824
1434764981707345921
1434764998967013377
1434765005971345408
1434765018214514693
1434765019657420801
1434765035130310658
1434765041274814464
1434765052708417537
1434765062074519552
1434765088473456642
1434765092852224002
1434765111114227715
1434765118634663942
1434765120589033472
1434765122065641472
1434765143020351489
1434765160401436673
1434765191904849930
1434765196711510024
1434765203103682564
1434765227887845377
1434765232153505794
1434765236486160388
1434765239573229568
1434765271680622592
1434765290143899656
1434765301426659337
1434765307470622721
1434765330899996684
1434765341033484302
1434765343742959617
1434765344191643660
1434765346318209028
1434765353293283336
1434765375187554312
1434765390425563142
1434765412718325765
1434765424080523266
1434765438186045446
1434765444670496770
1434765458197159939
1434765465239228422
1434765471362867202
1434765483295784967
1434765484302299140
1434765501880680453
1434765504510509063
1434765514996281350
1434765519492579333
1434765519866015745
1434765521342377985
1434765568452612099
1434765582381944832
1434765610748194818
1434765627491864583
1434765638539431942
1434765648895176707
1434765656583376896
1434765658974146564
1434765687436849156
1434765701936472068
1434765720806699013
1434765731439144968
1434765732856934400
1434765733112786944
1434765744957386759
1434765746245144576
1434765756323950592
1434765757284601857
1434765763919896576
1434765764033011714
1434765765291487232
1434765768009322496
1434765782768967681
1434765783817547779
1434765784778219521
1434765785579147265
1434765802344009728
1434765807020503045
1434765809340067846
1434765810036133889
1434765810497691649
1434765811017662465
1434765813853167617
1434765818093391877
1434765820056440834
1434765822237499395
1434765826238803968
1434765845926842374
1434765849244549125
1434765853401264129
1434765866856374274
1434765869029199875
1434765872942387203
1434765880160829445
1434765891359571968
1434765896803774464
1434765910594633731
1434765911379128322
1434765921739055105
1434765939602452483
1434765952894255106
1434765954580353025
1434765956065075201
1434765958925586432
1434765969696731137
1434765973794422785
1434765974142472192
1434765977779011584
1434765985848782848
1434765988461940737
1434765991192399876
1434765993352445958
1434766008695332865
1434766008879882244
1434766027359989761
1434766028886654977
1434766035974979585
1434766041985392640
1434766046293024771
1434766057391235074
1434766080749146116
1434766084826025984
1434766085333655556
1434766107907350530
1434766124286156801
1434766124764250112
1434766127465385985
1434766134356717569
1434766146096406534
1434766164387827714
1434766166929690628
1434766172554149891
1434766185640472576
1434766187997667328
1434766189364842496
1434766192707784707
1434766193651593216
1434766198927884290
1434766203969441794
1434766204749578240
1434766209040461826
1434766218628452353
1434766232083968001
1434766232788639749
1434766237452496899
1434766242548649985
1434766251608485888
1434766252833181699
1434766254582034438
1434766257816014849
1434766259938340865
1434766260777013250
1434766265814425606
1434766275939643393
1434766280133726213
1434766281106870279
1434766282881003522
1434766300908175361
1434766302959349760
1434766303747706880
1434766309552791556
1434766313465987073
1434766315978313730
1434766316238524421
1434766317630885895
1434766325847666690
1434766330335412226
1434766330725486592
1434766339630145536
1434766351084752897
1434766354997919744
1434766355132211200
1434766359150268422
1434766360857436160
1434766365110505473
1434766366830120960
1434766369413812226
1434766373884887043
1434766376065921030
1434766377114611713
1434766388279844865
1434766390020485122
1434766390204981248
1434766390205063168
1434766391123529728
1434766396328611844
1434766396823588865
1434766402544615431
1434766414565363714
1434766414825410566
1434766416125648896
1434766434307960836
1434766460669333507
1434766464666390531
1434766468382658560
1434766483981148164
1434766485524733958
1434766496132214784
1434766499957415937
1434766504289914883
1434766507146350595
1434766509491040257
1434766519985004546
1434766520136122372
1434766520526245891
1434766523361542144
1434766526905667586
1434766529523027970
1434766531716599818
1434766552474132486
1434766554567163909
1434766557243011074
1434766562871767044
1434766563291254789
1434766567540072449
1434766579120558084
1434766586506792961
1434766588482314240
1434766591330193410
1434766600381472775
1434766604131201025
1434766620665294851
1434766622087077892
1434766622250573827
1434766630937059329
1434766642450296832
1434766644992221191
1434766652944621572
1434766665376403467
1434766671571529731
1434766676348780547
1434766696259014660
1434766702730903558
1434766703905361921
1434766703985143809
1434766723337658370
1434766723807203329
1434766726382690306
1434766732112105478
1434766735039598593
1434766742614679553
1434766752341233664
1434766767503589376
1434766774138925057
1434766776391376897
1434766784557719552
1434766788340899846
1434766801427181568
1434766803071242254
1434766812789551106
1434766823480758272
1434766825561145345
1434766833849036804
1434766838785843201
1434766840748810242
1434766847358881794
1434766850064326659
1434766866363392002
1434766869739630592
1434766871685779462
1434766875259506689
1434766879822790658
1434766889255854082
1434766889633271812
1434766894913896455
1434766898701406208
1434766901566185472
1434766908830584839
1434766918376902657
1434766921380020224
1434766925507268610
1434766926937460740
1434766934910795776
1434766938396250112
1434766954355638272
1434766958491172865
1434766960546435077
1434766978099470337
1434766979169198081
1434766985322135554
1434766988820242436
1434766990846005249
1434767004024459264
1434767006184525834
1434767013033824260
1434767017496678400
1434767025394569216
1434767032264773633
1434767056704966657
1434767060660195328
1434767065064226817
1434767081174622214
1434767083439484931
1434767087252254723
1434767097738010629
1434767124887658499
1434767127928520708
1434767154163843073
1434767180629905410
1434767185503653892
1434767188175560713
1434767191891656704
1434767196287221768
1434767200666017792
1434767207867707395
1434767218840059905
1434767310602915842
1434767318345785346
1434767338667188227
1434767353108119555
1434767355716911104
1434767367687401477
1434767389925675009
1434767423157280768
1434767423165587460
1434767438927654914
1434767452261470209
1434767452852965381
1434767485782433792
1434767486755430403
1434767495190257665
1434767496666619905
1434767505474473987
1434767595031482369
1434767611003379715
1434767620419555328
1434767622881611776
1434767625188429825
1434767639734280199
1434767670709309440
1434767675155271688
1434767681144692736
1434767689759723526
1434767689814319106
1434767708730572800
1434767711792508931
1434767718981328897
1434767731014897665
1434767746487750657
1434767748639322116
1434767759368359937
1434767766410649606
1434767767660597250
1434767776825036800
1434767785440186368
1434767789982568449
1434767805103198208
1434767828645781505
1434767850288390146
1434767854579113987
1434767871750680577
1434767881347244040
1434767903136550917
1434767916818386946
1434767929363484672
1434767937647390724
1434767939304148996
1434767964365066241
1434767964927037442
1434767967305281538
1434767972011163656
1434767975651872770
1434768014315069441
1434768025446649859
1434768066433323010
1434768074067021827
1434768075232927744
1434768098146521089
1434768100344287242
1434768106229018624
1434768117712834563
1434768120363642886
1434768124847345667
1434768126160384001
1434768133202530304
1434768138114146305
1434768140953604098
1434768144967548932
1434768157835612163
1434768163774746629
1434768176068317184
1434768182695190529
1434768199715860482
1434768205260623872
1434768224646619140
1434768226374803456
1434768237028315136
1434768237103833089
1434768258222026753
1434768264140230657
1434768264866025477
1434768269559296006
1434768279030149120
1434768280363864067
1434768299569651713
1434768317085102081
1434768324940996615
1434768341390987264
1434768345216262146
1434768381627015174
1434768411964416001
1434768443518095363
1434768448249229312
1434768457585741825
1434768468222615555
1434768478364340224
1434768505023328258
1434768512954765312
1434768513298800644
1434768544168767492
1434768554239434754
1434768566989950978
1434768585612742659
1434768591103016965
1434768603300122626
1434768619095924737
1434768662578089984
1434768676587286533
1434768703271407622
1434768713841102851
1434768722359689219
1434768729347297281
1434768738834784270
1434768759999197191
1434768760682934272
1434768762226499587
1434768790324080643
1434768791431487489
1434768792454828034
1434768807831080961
1434768844581744646
1434768865934729219
1434768882506600453
1434768899283865601
1434768912441229313
1434768918862708739
1434768924718116866
1434768947400753153
1434768949648973826
1434768968955437057
1434768987699752967
1434768987716562948
1434768990807552002
1434768994788020225
1434769007073169408
1434769016179068931
1434769022923411458
1434769032683610115
1434769036408246274
1434769067810832385
1434769077453705216
1434769083996590081
1434769088451072002
1434769112459268097
1434769118784151556
1434769123909804037
1434769145736744966
1434769145850040323
1434769176489603074
1434769182239903746
1434769183053533191
1434769193258389508
1434769211684016128
1434769214607351814
1434769219837595648
1434769225151832066
1434769241350172673
1434769278398447616
1434769280504147970
1434769288498323459
1434769296270364672
1434769298313023495
1434769304742883328
1434769314595303427
1434769325852868610
1434769329241874433
1434769330508484612
1434769334803447809
1434769337479417857
1434769348351062018
1434769370861944834
1434769375538581504
1434769380278079488
1434769384317366272
1434769388633264129
1434769390113894404
1434769392064032768
1434769395595845637
1434769400502972417
1434769400926588930
1434769432870588416
1434769435466756099
1434769461748375552
1434769467054174209
1434769468719202304
1434769475870543875
1434769485169299457
1434769486574280704
1434769491741847553
1434769502567346181
1434769506669191178
1434769507814297600
1434769513057300489
1434769513820483587
1434769517524099074
1434769528672587782
1434769541733646338
1434769541762994179
1434769550898171908
1434769557194002432
1434769568438882312
1434769574050816001
1434769584364609536
1434769584414859264
1434769590588948482
1434769593021698050
1434769598818172928
1434769600210690048
1434769601607487490
1434769607194075139
1434769612055330816
1434769614182002696
1434769617562611716
1434769619101929472
1434769619416457224
1434769621454753795
1434769636390756354
1434769649569132545
1434769651368611840
1434769662223470597
1434769673623457794
1434769684528783365
1434769691470336002
1434769694398025733
1434769695782150148
1434769702803308544
1434769705227546626
1434769709749071882
1434769711208845312
1434769712525815808
1434769716304695300
1434769723401539587
1434769737443991553
1434769741105668097
1434769756993818628
1434769757878820865
1434769765118140417
1434769766854508547
1434769776350568453
1434769783581519873
1434769812928876544
1434769817786068997
1434769834261286916
1434769850245820418
1434769852988723207
1434769854444224516
1434769860140040200
1434769882948808711
1434769921947299843
1434769932890292225
1434769951064088581
1434769958328668161
1434769961772220423
1434769972631310336
1434769988691415041
1434770010308706306
1434770013710213120
1434770021939441665
1434770031531868165
1434770045901709312
1434770058648113154
1434770075341365277
1434770095197331458
1434770101102841857
1434770103086637065
1434770116542025730
1434770119444533248
1434770123320086531
1434770123689054211
1434770124272193537
1434770136112697344
1434770151644155909
1434770158241734658
1434770160993423363
1434770185647390720
1434770189116076043
1434770192702312452
1434770200734453764
1434770205360730118
1434770217398374404
1434770223975092228
1434770225489121280
1434770226092994566
1434770228890714113
1434770233324032000
1434770248490799108
1434770248754876421
1434770255474200577
1434770255797174273
1434770260733964291
1434770269269372937
1434770275246149632
1434770275724369920
1434770289141895171
1434770297836683271
1434770301494054914
1434770304698658825
1434770309958094851
1434770312613269505
1434770319634415616
1434770324046876677
1434770332993339393
1434770341964832768
1434770347849654272
1434770348021587971
1434770359262318595
1434770365574643712
1434770366845489153
1434770371589328896
1434770371937402881
1434770384889462784
1434770386126733312
1434770387326406657
1434770392175071235
1434770395253678081
1434770396520267780
1434770398348906498
1434770405080797192
1434770419660242944
1434770425016324099
1434770434604609543
1434770439138652165
1434770445446758404
1434770446189305861
1434770455517356034
1434770464640053248
1434770465797677065
1434770469928927233
1434770478162448384
1434770480058277889
1434770484638355462
1434770495384309761
1434770500962586626
1434770505991696384
1434770513356853248
1434770521376317443
1434770527529226242
1434770530368819204
1434770542221987843
1434770559431237632
1434770563696893952
1434770571728990208
1434770576451661829
1434770592171954180
1434770592817840130
1434770596622127104
1434770601705500677
1434770610417192963
1434770619925729280
1434770645645201408
1434770651856850947
1434770660384034816
1434770667816292358
1434770675412127746
1434770675936333825
1434770676347453440
1434770677073018882
1434770680206200837
1434770683003908096
1434770684731805698
1434770690356416512
1434770705573416963
1434770713311907840
1434770723206098944
1434770736380407811
1434770741820641280
1434770753858138115
1434770765321277443
1434770768827719683
1434770771214147584
1434770793875992581
1434770817431130112
1434770818446233601
1434770822632120321
1434770852655112194
1434770861966385155
1434770879800545284
1434770881948094465
1434770905129959428
1434770907361337345
1434770921542258689
1434770929540861952
1434770941788053505
1434770947353939970
1434770953884643328
1434770962126409730
1434770977431433217
1434770982976294912
1434771005524873217
1434771027750440966
1434771034457186305
1434771035639795714
1434771073275416578
1434771074147700741
1434771094649593860
1434771095635234818
1434771097036197890
1434771140493385728
1434771141667823616
1434771151591464962
1434771162786058246
1434771163704606722
1434771209334493184
1434771217349636096
1434771219610431493
1434771222487830533
1434771252196093957
1434771272798334977
1434771274249785344
1434771278691504130
1434771282323599367
1434771294470303750
1434771310253645828
1434771338422587397
1434771342037897217
1434771353127768064
1434771356302954497
1434771371616309249
1434771376796143619
1434771392143273986
1434771394588520450
1434771397172244482
1434771452562079752
1434771457557606402
1434771476750774272
1434771483402940417
1434771502126157824
1434771515015319554
1434771543440035840
1434771553686851585
1434771574926675968
1434771588180844547
1434771607780675585
1434771609554866183
1434771614126665729
1434771617662443521
1434771620716072966
1434771624490897408
1434771626030215170
1434771638986309637
1434771655738347529
1434771709551276032
1434771716253917185
1434771724353130501
1434771768204578816
1434771770070999041
1434771808478138372
1434771819140059138
1434771825691615233
1434771854976339968
1434771870914539521
1434771903223267330
1434771905685381120
1434771937432047619
1434771949578637312
1434771989688950788
1434772027420856324
1434772046572048384
1434772063856828418
1434772082609598468
1434772092130574336
1434772139102687239
1434772144173588482
1434772147977785345
1434772170694135808
1434772174334746624
1434772177446916096
1434772190990258180
1434772199399952385
1434772224993546240
1434772234346901507
1434772253632237568
1434772355675426817
1434772372272422912
1434772397509550080
1434772412931973121
1434772438290685956
1434772497950515203
1434772529965580289
1434772533937680386
1434772546583400448
1434772551583027200
1434772575402352642
1434772576191098881
1434772617253175299
1434772628644843520
1434772635804635137
1434772655077564418
1434772664573386754
1434772668893515779
1434772691630714882
1434772703022551040
1434772703127474178
1434772705115623424
1434772731388628992
1434772762577440776
1434772763894497284
1434772768633933829
1434772774518677507
1434772793783062528
1434772795582464004
1434772822396653568
1434772844760604674
1434772862238445569
1434772870056407045
1434772893037211650
1434772914000310272
1434772933050765313
1434772942068592646
1434772946942373888
1434772962746540032
1434772964352970752
1434772964730413057
1434772978730897408
1434772998599294978
1434773006606213120
1434773008103579648
1434773041498796032
1434773045802151940
1434773046909407233
1434773084268109826
1434773090228076547
1434773104967004161
1434773106359472129
1434773110901952513
1434773112160088064
1434773112361472003
1434773114823479299
1434773125279870976
1434773134083825670
1434773134348062720
1434773137485221890
1434773139171414023
1434773140891127808
1434773149074087937
1434773160382001153
1434773162198192130
1434773172914724865
1434773187947008005
1434773188198559746
1434773191638069248
1434773193697415171
1434773195249250304
1434773206259408897
1434773209644208128
1434773211464359941
1434773218536132611
1434773220675047427
1434773231651770370
1434773245224316930
1434773259589914625
1434773265571012612
1434773279210868736
1434773282528456706
1434773287167483905
1434773295421968387
1434773332105338882
1434773338799448065
1434773339810279426
1434773340846125058
1434773341345390593
1434773345799602181
1434773346583990272
1434758261912313856
1434758285555650563
1434758367885479939
1434758377423339520
1434758498965983237
1434758869918511113
1434758907977601032
1434758953846595587
1434758995181391875
1434759914258411523
1434760551217958913
1434760804063223810
1434760840322879490
1434760981570334724
1434761112529035264
1434761279323865088
1434761897153269765
1434762053265223684
1434762155757346816
1434762273747206147
1434762903530344449
1434762915966455811
1434762942847803393
1434763090189488128
1434763134686793731
1434763515554902018
1434763656034619393
1434763763048198145
1434763949891850241
1434764111825580049
1434764163285348352
1434764263730532358
1434764267790684173
1434764309347897344
1434764380298747905
1434764388167086080
1434764461903073283
1434764743923937280
1434765225685835778
1434765562261872644
1434765727433732096
1434765923005579270
1434765954391560199
1434766070108377088
1434766198047084544
1434766231354048520
1434766257048408065
1434766427886587904
1434766722796511235
1434766989290098693
1434767049603969029
1434767197159804930
1434767224418492416
1434767352504229888
1434767442794844165
1434767705949696003
1434767740422787072
1434767890968809476
1434768119281618945
1434768156837380101
1434768325775609860
1434768348856815619
1434768410454466561
1434768484681007104
1434768494483148800
1434768496861204482
1434768577358442499
1434768632282763268
1434768654973882368
1434768814743433219
1434769152938479618
1434769208647188483
1434769344819445765
1434769500847607808
1434769661514731520
1434769690216177669
1434769708180545537
1434769878540505088
1434769885930815490
1434769973105332225
1434770266312294401
1434770293898326022
1434770819549483012
1434770871969800195
1434770947022675970
1434770956409622529
1434771036315299844
1434771122327805954
1434771186269835268
1434771313646882816
1434771453476577281
1434771584087121920
1434771621869338624
1434771698700652545
1434771978121105408
1434772028582768642
1434772337543503872
1434772420167094272
1434772503457673216
1434772639172763648
1434772891329957891
1434772969147047936
1434773309829390338
1434759551497261059
1434759558648508416
1434759572850413568
1434759609638658052
1434759609659666437
1434759615728607237
1434759619281408001
1434759638117986310
1434759655805186051
1434759656753311744
1434759680484470786
1434759682019704833
1434759688701104133
1434759693688131584
1434759696666222594
1434759723115442176
1434759742673489921
1434759750927978496
1434759768816570372
1434759779864354816
1434759791893680136
1434759801439866883
1434759818603028482
1434759867885969410
1434759874278092801
1434759881802797061
1434759884147347456
1434759886001299459
1434759893697847298
1434759895601930242
1434759906792337413
1434759927000612867
1434759939642232832
1434759940992749568
1434759941487800321
1434759979957817344
1434759992289157120
1434759992964366339
1434760012484780034
1434760022152540165
1434760047095992323
1434760047138156550
1434760051382788096
1434760074518482950
1434760079815888897
1434760082177150986
1434760085364948996
1434760133754728451
1434760153203576832
1434760183494893568
1434760192453980160
1434760209034104841
1434760213379305472
1434760273970311173
1434760285106044946
1434760288084107267
1434760306337669121
1434760307839156227
1434760311056252928
1434760335026790401
1434760383210819588
1434760402546614276
1434760410985598978
1434760481286369282
1434760485715550208
1434760495622352898
1434760497799122944
1434760499514642436
1434760500303302657
1434760598772850694
1434760626635608079
1434760635213131783
1434760642737491975
1434760644071411714
1434760655773437954
1434760658457792512
1434760663155494912
1434760669925150725
1434760692423348225
1434760693626986500
1434760694302343170
1434760742591361025
1434760761629241349
1434760764041089028
1434760776145846274
1434760782512799746
1434760809507266560
1434760829245788161
1434760845968527364
1434760863953600514
1434760882454736897
1434760914033577988
1434760923504336896
1434760926033428481
1434760931414876160
1434760963194953728
1434761003842015235
1434761017725124613
1434761094178869252
1434761105411297286
1434761119260938243
1434761143055228931
1434761155046690817
1434761163217117185
1434761166044090381
1434761175498067968
1434761188483612672
1434761203402694661
1434761211942354948
1434761223149527040
1434761224919523333
1434761268699742208
1434761288530472966
1434761324932657157
1434761380498837504
1434761390280126466
1434761407011098625
1434761416922353666
1434761464275869704
1434761474958897156
1434761476644872192
1434761517677821953
1434761529929322501
1434761544378687490
1434761568340697091
1434761585147318273
1434761620534611968
1434761641657180162
1434761659931762690
1434761673273856004
1434761678063800323
1434761700985638914
1434761783483502593
1434761788822675462
1434763326261706759
1434763329180893185
1434763339310125059
1434763352937435136
1434763356703973378
1434763366891933700
1434763369374945281
1434763403466350592
1434763403537616898
1434763425406603266
1434763435871408130
1434763448034934786
1434763456582983681
1434763463667056642
1434763472064204808
1434763503320043523
1434763522941009921
1434763559989235714
1434763564233994241
1434763572551331845
1434763583741730820
1434763604046327808
1434763615240744963
1434763620890537984
1434763627484098560
1434763661378134023
1434763662758006788
1434763666793054211
1434763693087068166
1434763759042502656
1434763763933237253
1434763768412606469
1434763781234593793
1434763812993830915
1434763832954548229
1434763849094344704
1434763873345671174
1434763884183752708
1434763890357792772
1434763909777346560
1434763922859380740
1434763953909895171
1434763978027196418
1434763979335757826
1434764016497446912
1434764021505400835
1434764034297909251
1434764035405328387
1434764041205936131
1434764068678737934
1434764087586660361
1434764096180658189
1434764102061096968
1434764133849878531
1434764154787663878
1434764241026777088
1434764249939595269
1434764266914131973
1434764278930673667
1434764282449653764
1434764303056441345
1434764361445281792
1434764402847330305
1434764437324537856
1434764477879107587
1434764484636078081
1434764484741001218
1434764488041844741
1434764509005160448
1434764511379013633
1434764515040763904
1434764567884750848
1434764570115989506
1434764578701905928
1434764583194054656
1434764603477487616
1434764608238022661
1434764622259621891
1434764630841184256
1434764659265970181
1434764662055194626
1434764686663331840
1434764687619547144
1434764713737351174
1434764713875890178
1434764720754413571
1434764738597036036
1434764778480623621
1434764786349318146
1434764790518345728
1434764833845481473
1434764905874296837
1434764906725888000
1434764928154361862
1434764930759237635
1434764955488854016
1434764996068745216
1434764996139913216
1434765004113203210
1434765008869670914
1434765049797677056
1434765060673470467
1434765063684964356
1434765078759284737
1434765080109928449
1434765107968544770
1434765125223919617
1434765126486216704
1434765132681338883
1434765147508129793
1434765147570987009
1434765167305183232
1434765186175471620
1434765209327968259
1434765218425581570
1434765255767384067
1434765320116396034
1434765327544508418
1434765330954526721
1434765352668475407
1434765363066048516
1434765363208593413
1434765367872659460
1434765392862490627
1434765397375393800
1434765423959060487
1434765434377568258
1434765434713096192
1434765456364040195
1434765484289785862
1434765571455868928
1434765580330881026
1434767119090995207
1434767120764657675
1434767138422591499
1434767140070912003
1434767142054858752
1434767153023135744
1434767158211485697
1434767161331957762
1434767186816557056
1434767220786151433
1434767221117554689
1434767221713158144
1434767234254077953
1434767252474241027
1434767268991442950
1434767274129436672
1434767275173711877
1434767334309351424
1434767360691359751
1434767379893002241
1434767397550911488
1434767401531281408
1434767428320325637
1434767437807845378
1434767451544248322
1434767458418626561
1434767461589553152
1434767494678466562
1434767517507993601
1434767526731284480
1434767533190443011
1434767541826584581
1434767552501063680
1434767556435394560
1434767562449952769
1434767568418525190
1434767605638647815
1434767615642116099
1434767623825338368
1434767633862254592
1434767653936058372
1434767660508647432
1434767672366018560
1434767694427983873
1434767696042905600
1434767713486917633
1434767718910205954
1434767724916330498
1434767777999503360
1434767784878256129
1434767819212787717
1434767888053846018
1434767889027018754
1434767906630295558
1434767925559365634
1434767927903928323
1434767950901399552
1434767993632739331
1434768028001046528
1434768035647303681
1434768039376048129
1434768074083905539
1434768082921263106
1434768091578310656
1434768098666729475
1434768104123289603
1434768117268316165
1434768126995050496
1434768127594614790
1434768137069613065
1434768150034190336
1434768151917432835
1434768160230502403
1434768167042048004
1434768184796536836
1434768185987715072
1434768192950476800
1434768202974720001
1434768206896398336
1434768208863637505
1434768214089629697
1434768244095782915
1434768278229078020
1434768296331649028
1434768324097978370
1434768328791363585
1434768334046781441
1434768343051997186
1434768361469087744
1434768369073287170
1434768379844386820
1434768420126408704
1434768426468188164
1434768450690375686
1434768453353738241
1434768458747678720
1434768462317031424
1434768462895853568
1434768472924323843
1434768476355366916
1434768480620871685
1434768489701650434
1434768498983686144
1434768502523510788
1434768506705235969
1434768518889697286
1434768527081226243
1434768534610092034
1434768534832173059
1434768556537769988
1434768573587607552
1434768573759574027
1434768589488369666
1434768608639557634
1434768639828193282
1434768647357038592
1434768651949858817
1434768652075687938
1434768654311251969
1434768669201125379
1434768670723432452
1434768683591733252
1434768692118790146
1434768737182175233
1434768770791198724
1434768787723767809
1434768811199188995
1434768828089585679
1434768828416737281
1434768846703849473
1434768849702883328
1434768862982164480
1434768868468150272
1434768878958223360
1434768931110195201
1434768961988665348
1434768977369124866
1434768983287230472
1434769033702756353
1434769041789386753
1434769043483861001
1434769045031505920
1434769048621834244
1434769053449588741
1434769063918637056
1434769086559309827
1434769092179681285
1434769096038653958
1434769129119043587
1434769130666741760
1434769142612049922
1434769336980410370
1434769377430097925
1434769378902372355
1434769406425448448
1434769408598044674
1434770931675770881
1434770931755274241
1434770932204126211
1434770937854021632
1434770946208894978
1434770954207510532
1434771003150770178
1434771045660041226
1434771050596913153
1434771067885834240
1434771081819213829
1434771099431047171
1434771103759667204
1434771116443291648
1434771119383351296
1434771128996843522
1434771187507228673
1434771189155733504
1434771203210813444
1434771211133784064
1434771260081418241
1434771273800986626
1434771275658977282
1434771284068503552
1434771305413369857
1434771312921219074
1434771319057420288
1434771319422271488
1434771351848554499
1434771356114096128
1434771385134501888
1434771390616543232
1434771416495235072
1434771426477756417
1434771479485370368
1434771481959882754
1434771493804601346
1434771548066308103
1434771566143942656
1434771567599407106
1434771590827421697
1434771594275065861
1434771604232343552
1434771621764648961
1434771623991816195
1434771641360392201
1434771667574796290
1434771678790365190
1434771681482981376
1434771691813494785
1434771694368038918
1434771704283164672
1434771716903931904
1434771724902420481
1434771732955471876
1434771785610788864
1434771791797444610
1434771800508928005
1434771809237352454
1434771832813625344
1434771834248044546
1434771856867868674
1434771918637318151
1434771944151437313
1434771995829309446
1434772006415835145
1434772027320188930
1434772029685657604
1434772038124716034
1434772082957619200
1434772084173860868
1434772104608505856
1434772107955744770
1434772108073213952
1434772123671801857
1434772127803117575
1434772191330148352
1434772209478746113
1434772312855830528
1434772315351433218
1434772316265799682
1434772326436986887
1434772328391458816
1434772369172729860
1434772377485860867
1434772425707765765
1434772453759193089
1434772467910778880
1434772476303659009
1434772497270968320
1434772569857662977
1434772571476529152
1434772571744997379
1434772579710128131
1434772617270120449
1434772640275775495
1434772644998565892
1434772655245348869
1434772661373218820
1434772663344541702
1434772678242566144
1434772678322364416
1434772692817747976
1434772695045050368
1434772716674973696
1434772719648845824
1434772727349530624
1434772727458639874
1434772732940627970
1434772737055248386
1434772745477308417
1434772799206264835
1434772802842857472
1434772812368072704
1434772825483747329
1434772829019459587
1434772844387266560
1434772855582072837
1434772873449644036
1434772899575914497
1434772915015323652
1434772934191575043
1434772953338572809
1434772972661841920
1434772997072506892
1434773024725770240
1434773056682090501
1434773103725457413
1434758986226487297
1434761042962309121
1434766699329245184
1434766743545819139
1434770477948432385
1434772160325709827
1434759078836772867
1434759091197468673
1434759128371638272
1434759175867752451
1434759196726095876
1434759210491863041
1434759213729792003
1434759229173166081
1434759230532190216
1434759246638292993
1434759264556367872
1434759280196866050
1434759280876572673
1434759295908777985
1434759314367934473
1434759333053546502
1434759341844873221
1434759349981696002
1434759368180854789
1434759390784065538
1434759431879802880
1434759526188785664
1434759571294326785
1434759617679036418
1434759622804525062
1434759632032092161
1434759708045414402
1434759746578432001
1434759782364155905
1434759819051798530
1434759842766458881
1434759907920728065
1434759925490614277
1434760141547577344
1434760151597154305
1434760202977517570
1434760276449144833
1434760360372981761
1434760399484698624
1434760422834331648
1434760431818575877
1434760441167712258
1434760458850865152
1434760463875706880
1434760476773085189
1434760492149448706
1434760509421617156
1434760633606545412
1434760774149296135
1434760775776628738
1434761029087531008
1434761084716548098
1434762986887995396
1434763039362797570
1434763050356117508
1434763078437011463
1434763108031995913
1434763132476481540
1434763144568598531
1434763211559997441
1434763378011119618
1434763650741514240
1434763894829031429
1434763948826398722
1434763960708915208
1434763964949348354
1434764019752214529
1434764048738947092
1434764069274374152
1434764081114669059
1434764139126214657
1434764218914336775
1434764239046987781
1434764254826024961
1434764272509145089
1434764277492105219
1434764280029667328
1434764288258760706
1434764290859274248
1434764308395671554
1434764324770226179
1434764341664894977
1434764358169415681
1434764374472724480
1434764374720188422
1434764586117439489
1434764687040679938
1434764704640114692
1434764714177810435
1434764728438460416
1434764772772286466
1434764806645436417
1434764826690129920
1434766712373710849
1434766729582813185
1434766731201888258
1434766737984012298
1434766752093667331
1434766754262126596
1434766756506058754
1434766769755865097
1434766770133299200
1434766788286304262
1434766804388233216
1434766809723547649
1434766819504521218
1434766845454831619
1434766944234708996
1434766966066188291
1434767035502776324
1434767084303572996
1434767085507211265
1434767092553814017
1434767189442285571
1434767195255427073
1434767198204174338
1434767354274226177
1434767409458655238
1434767509488537600
1434767645107101703
1434767649771343872
1434767754322604034
1434767757493485575
1434767781329702913
1434767870311997441
1434767892017471489
1434767957318569985
1434768033210200067
1434768089275457537
1434768199552315392
1434768221601554436
1434768380871991296
1434768395057053696
1434768432751206406
1434768482537668611
1434768500652851204
1434768537986469889
1434768597788676098
1434768635868835849
1434768652830642176
1434768739010969605
1434770652272103424
1434770771717591040
1434770799706218497
1434770801690021891
1434770826511925253
1434770842358095876
1434770882640039940
1434770893280923650
1434770899433971715
1434770963527262216
1434770971936927745
1434771007328358402
1434771058825961472
1434771061795606528
1434771075817254916
1434771079973666816
1434771094817419264
1434771191106084864
1434771206629171204
1434771231459270657
1434771280046305284
1434771371817672706
1434771482991857668
1434771556438355969
1434771594350575616
1434771618778189826
1434771620338405376
1434771638151630850
1434771653721038848
1434771677162790912
1434771708821401600
1434771744926011396
1434771757857222658
1434771802891309060
1434771806142058496
1434771813519826945
1434771818225684480
1434771834067505153
1434771965294759941
1434772002187980802
1434772128675606534
1434772159600021507
1434772228504174592
1434772291099967491
1434772497812000776
1434772502362816520
1434772513934823430
1434758317939691524
1434758580532436992
1434758770157043713
1434759161938681868
1434759414808993793
1434759497193594883
1434759517909176320
1434759552738680832
1434759904338882566
1434759926887424010
1434760442447020032
1434760505613291521
1434760681249812481
1434760781711675393
1434761149514489857
1434761829360746497
1434762054301147139
1434762146601181185
1434762168537260035
1434762224225169410
1434762327136608256
1434762387740102657
1434762616761581574
1434762769077870592
1434762860702306305
1434763002964815872
1434763077719842821
1434763280774541312
1434763373615333377
1434763716843606018
1434764338338861058
1434764471575195651
1434765032466878465
1434765793003294721
1434765897642635266
1434766011585155075
1434766174483533827
1434766834855710725
1434767062853951488
1434767099424120839
1434767123365105670
1434767687670906883
1434767777798123522
1434767814745739271
1434768006731628544
1434768132292284419
1434768207894618117
1434768434949246978
1434768670119530501
1434768904920842241
1434768942191595520
1434769533537947648
1434770029116071940
1434770089002344450
1434770100133969923
1434770257919586306
1434770645796237321
1434770924524429315
1434771180205092870
1434771241051856899
1434771366260006912
1434771806351671297
1434772503973580800
1434772641609437188
1434772923626233861
1434772947458314240
1434773161183166464
1434773265302630401
1434773309317603328
