tweet_id
1365813968573325316
1365813968690888707
1365813970418999302
1365813992908800001
1365814011711938562
1365814057543094276
1365814058071568392
1365814065013153795
1365814071069601797
1365814078426533891
1365814096638189568
1365814098055880711
1365814098366242825
1365814102598299651
1365814107212034054
1365814118066905095
1365814124962316293
1365814130947538949
1365814135905267716
1365814148127457280
1365814157749194757
1365814158353178638
1365814175587586049
1365814194411606020
1365814207330070529
1365814232747548675
1365814236543385605
1365814254008418305
1365814258185904129
1365814265001742338
1365814278163431426
1365814285847433221
1365814300561068034
1365814320114843652
1365814348183007233
1365814353509847040
1365814354336223235
1365814372455620613
1365814385436983298
1365814388184272896
1365814397814235136
1365814406593073156
1365814409940017152
1365814422808059904
1365814425547063301
1365814433969295363
1365814442374688770
1365814452709376005
1365814461232271362
1365814514210463749
1365814561694240768
1365814565498281985
1365814603213635587
1365814708457119745
1365814725691473922
1365814725842513922
1365814777520398337
1365814824647725060
1365814865085009928
1365814900031905795
1365814963466620928
1365814972958310409
1365815007955415040
1365815010795094019
1365815035331809280
1365815047671468035
1365815049856692225
1365815061491638273
1365815076125634562
1365815077073526786
1365815088066756609
1365815088922378241
1365815092080742404
1365815106924339200
1365815111852646400
1365815137005940736
1365815141623857154
1365815155708207104
1365815172103823360
1365815184749551617
1365815190097440768
1365815190844014596
1365815224704503808
1365815235597115397
1365815237371387905
1365815237430050818
1365815243360727045
1365815251774578689
1365815255729917955
1365815265464836099
1365815266626707457
1365815276449759235
1365815284179869699
1365815285131866114
1365815307365994497
1365815328425533448
1365815353310277634
1365815373560492032
1365815389729480707
1365815439134236673
1365815449385132033
1365815461867368454
1365815477491159048
1365815489763684353
1365815496382296067
1365815501797040132
1365815528250556420
1365815586190721024
1365815593476104193
1365815601881632768
1365815656487206912
1365815663122665477
1365815664154402820
1365815689437716484
1365815689479610368
1365815748648726534
1365815776570187779
1365815780877688836
1365815828772491271
1365815845121851392
1365815847860789250
1365815882866425857
1365815927657349126
1365815929423077376
1365815984255344646
1365816016492777475
1365816018891849728
1365816049933946885
1365816068812529666
1365816103360999425
1365816149837893632
1365816167311499266
1365816169450643458
1365816256000106498
1365816256583012360
1365816258118131715
1365816267014352899
1365816269396606976
1365816290846400517
1365816360270323713
1365816375818682370
1365816388867170304
1365816424439152640
1365816443225468939
1365816460426231808
1365816465438334982
1365816480424734721
1365816565531353091
1365816569394311172
1365816575324872706
1365816583096918023
1365816609143746561
1365816636201123840
1365816636331208706
1365816771899494402
1365816784385761283
1365816807316152321
1365816808972820482
1365816812382773249
1365816873951109127
1365816880871710721
1365816885430812677
1365816887125377028
1365816898340839424
1365816922818940931
1365816928653164544
1365816931811430401
1365816982919139329
1365816992972816386
1365817018553933824
1365817027420688386
1365817079870484481
1365817083187978242
1365817095343194117
1365817117971525632
1365817143409975303
1365817168353452034
1365817189970935812
1365817257889304583
1365817265573277698
1365817267003543553
1365817342366728193
1365817393759604737
1365817395550572546
1365817442736300037
1365817470926409728
1365817481131139076
1365817483945512960
1365817496637497345
1365817526358331392
1365817532469379072
1365817533597691911
1365817580129247232
1365817612764991490
1365817615147556865
1365817615675981827
1365817641915588616
1365817663830843392
1365817747112939524
1365817770999509001
1365817807498174465
1365817835575005188
1365817837529550851
1365817858672975874
1365817865274863624
1365817867552378890
1365817910044864512
1365817912565653510
1365817922095091712
1365817932173905920
1365818036326924289
1365818043268530179
1365818043281141760
1365818087405211648
1365818102663970818
1365818104580874240
1365818107164565504
1365818122364735490
1365818135442505733
1365818144078655488
1365818157030645760
1365818164848824322
1365818171807129601
1365818182498353154
1365818190224269313
1365818220498796549
1365818224810594304
1365818253172502528
1365818263318519809
1365818263989604352
1365818293043494918
1365818312429613060
1365818315873091587
1365818338476253184
1365818346281836546
1365818364397047808
1365818365252677634
1365818367886692352
1365818416683229187
1365818423419133952
1365818459771203584
1365818468860370944
1365818493300596736
1365818502339170304
1365818504948158470
1365818519225438209
1365818528167780352
1365818561973923846
1365818582853124099
1365818587957633026
1365818602557820929
1365818629003108355
1365818631565807616
1365818636401803273
1365818668169445378
1365818674402127873
1365818729058172932
1365818790496268293
1365818813283897346
1365818820007497728
1365818845718581258
1365818850986635264
1365818886462013443
1365818908251455491
1365818919378972674
1365818925297065992
1365818951901605892
1365818953428312066
1365818956527898626
1365818956745949188
1365818993219670022
1365819005848735747
1365819035519189002
1365819040506253313
1365819059686809600
1365819077038587904
1365819087717294084
1365819097699737601
1365819115756269571
1365819133682737152
1365819144822796290
1365819147993645064
1365819149293912074
1365819151344926736
1365819154167713793
1365819172140290048
1365819177534189570
1365819199294177283
1365819212690722820
1365819223570800642
1365819224942383105
1365819239530119171
1365819240620646403
1365819247126020102
1365819248136830978
1365819279086522371
1365819292701368321
1365819293930196994
1365819298288173069
1365819334073995268
1365819340600315906
1365819348053417986
1365819359894077442
1365819406782255106
1365819410687082497
1365819450549809154
1365819483546398725
1365819528517738500
1365819529130086400
1365819582527725570
1365819614509338624
1365819644133703681
1365819664769630209
1365819704842027013
1365819719819948036
1365819726992203788
1365819733237448706
1365819741839966209
1365819746436931584
1365819748425084928
1365819767379038210
1365819773452484610
1365819777386762246
1365819779466948611
1365819786765209607
1365819803118825472
1365819816322469888
1365819838535520257
1365819898954354696
1365819916947922946
1365819983327076362
1365819992466423808
1365820013442129920
1365820022204084227
1365820031825825794
1365820039920771074
1365820043905368066
1365820055985008643
1365820057813671950
1365820089640050692
1365820118991839233
1365820125698543616
1365820131775893505
1365820134582026243
1365820183743520776
1365820198742335491
1365820213069979651
1365820259740041216
1365820273426071554
1365820342720212993
1365820367626006537
1365820369773490184
1365820374194159621
1365820445639938048
1365820467882287105
1365820502674202631
1365820521896534016
1365820522689400833
1365820532470374403
1365820537981857795
1365820552162738185
1365820599013154818
1365820647327207424
1365820659050414081
1365820662808469504
1365820671994040320
1365820688003645444
1365820707071004677
1365820780035018754
1365820790260830208
1365820811811069952
1365820817246986244
1365820819381899266
1365820841716379648
1365820845336240129
1365820861127745546
1365820862625157120
1365820866840379393
1365820874943827968
1365820886566199298
1365820891087650816
1365820933936668681
1365820937904521217
1365820942006509572
1365820971144380416
1365821003469881349
1365821012714156035
1365821030372114437
1365821038286749698
1365821055336673281
1365821066157957120
1365821084340224002
1365821085594357764
1365821102405083141
1365821178645000194
1365821256747032577
1365821265500655622
1365821288007237635
1365821291517902857
1365821292151267334
1365821315018555401
1365821318604738560
1365821340758990852
1365821357871816706
1365821363303325698
1365821372266651652
1365821382118940680
1365821387542257666
1365821396144726018
1365821412250963972
1365821428348710915
1365821440923213825
1365821443993395205
1365821449685110785
1365821460913262592
1365821461211021316
1365821469603860487
1365821492026507264
1365821500180361220
1365821503753781249
1365821508308852737
1365821517720813568
1365821517800603648
1365821520375926789
1365821532782608387
1365821535118852108
1365821539392708609
1365821557377957890
1365821569356820482
1365821578118901765
1365821592916303873
1365821601476993025
1365821606711418882
1365821643822686209
1365821659769405440
1365821670532014089
1365821697035620352
1365821706481393669
1365821722449108994
1365821724453863424
1365821728862179331
1365821730346983428
1365821736667779073
1365821746570534917
1365821773229395970
1365821798600818688
1365821816573460482
1365821816619601921
1365821858730360841
1365821863021080576
1365821863050420226
1365821868658286598
1365821884592455682
1365821886307958785
1365821897863225353
1365821901449256960
1365821915714252800
1365821930666942464
1365821937910489091
1365821943232958470
1365821965127323649
1365821976535699456
1365821987516420098
1365822009691701249
1365822016587194370
1365822021335048194
1365822050913378306
1365822054528913413
1365822057481650183
1365822060497354754
1365822084551696386
1365822094609698820
1365822113685385222
1365822115220492291
1365822132350054400
1365822138477801476
1365822172728619008
1365822175047901185
1365822182757171203
1365822185227640834
1365822247705980929
1365822280589185034
1365822294837383174
1365822326500192259
1365822345726750721
1365822364718661632
1365822389536358409
1365822389892751363
1365822398587568128
1365822437171089409
1365822454820601859
1365822464299728897
1365822470196969475
1365822482632962048
1365822483723657216
1365822498881822724
1365822499305492480
1365822501562023936
1365822503403327490
1365822521430409218
1365822576216461318
1365822587251564549
1365822596701421574
1365822598999920646
1365822629857415172
1365822649511862275
1365822656180875265
1365822658940727298
1365822678788165636
1365822681459924994
1365822736304644096
1365822740670730240
1365822778096648197
1365822778591518721
1365822792357273600
1365822793896574977
1365822803283480576
1365822815660740612
1365822826398306307
1365822835210346497
1365822843775115268
1365822850402185216
1365822865220784129
1365822897114128384
1365822901614764032
1365822932392402944
1365822938918883335
1365822947508637697
1365822974432075782
1365823005503455241
1365823016672845826
1365823076844396546
1365823080577253383
1365823101011779585
1365823103478079488
1365823126647369728
1365823140899794948
1365823153373646850
1365823179000848390
1365823186277986305
1365823196960870410
1365823245233004544
1365823253097381889
1365823256096292869
1365823276983984128
1365823284177174528
1365823290271490048
1365823291626319874
1365823296911081474
1365823319967203330
1365823322429284359
1365823336689901571
1365823362187026437
1365823364896493570
1365823386639880193
1365823392998432771
1365823404671123465
1365823445142036485
1365823509855879180
1365823539396440065
1365823549873786880
1365823552176476160
1365823564461580297
1365823566294380544
1365823575479910401
1365823599983161345
1365823600255770624
1365823609294508037
1365823631499100160
1365823639233429511
1365823672800464896
1365823705557835778
1365823712130453504
1365823714185646080
1365823747173867526
1365823752773259271
1365823820150562818
1365823835786928133
1365823840912302081
1365823848722141184
1365823874168938499
1365823876471652354
1365823899846512643
1365823921749192706
1365823951604228097
1365823991177375747
1365824032235544576
1365824033225383941
1365824044596101121
1365824046416490496
1365824055128035333
1365824080411308032
1365824081522688000
1365824096622305284
1365824104553721856
1365824105941934081
1365824110438322178
1365824121804890113
1365824129136545792
1365824130210267136
1365824170102198276
1365824206374653952
1365824316873584641
1365824323307593729
1365824359307304966
1365824368719364100
1365824370791317510
1365824376072003585
1365824384372527105
1365824387727953921
1365824432443428864
1365824436004347904
1365824476919832576
1365824477855154177
1365824498818314246
1365824507768942592
1365824536067907587
1365824547128238086
1365824570742161416
1365824630166933507
1365824639692234753
1365824640006807556
1365824643802759170
1365824652145168385
1365824659539648514
1365824668259745800
1365824691110346753
1365824737671335937
1365824739114168322
1365824816230641664
1365824843946618880
1365824846341545986
1365824896807411714
1365824949282172929
1365824964759289858
1365824972401303553
1365824989929349125
1365824995117703169
1365825008661012480
1365825009642582021
1365825037287239685
1365825038054735879
1365825038331432964
1365825130925068289
1365825173765562370
1365825181894254596
1365825202337312771
1365825248071999490
1365825267952926723
1365825276605702145
1365825312773275656
1365825313578643458
1365825317668069376
1365825366418464769
1365825377206030338
1365825393127612418
1365825403034697731
1365825403642871810
1365825437067317249
1365825503278546945
1365825550124683270
1365825583435952130
1365825596132122625
1365825616591818760
1365825619880271872
1365825622136795141
1365825627081887745
1365825635583598593
1365825690524913665
1365825690667528192
1365825711731335168
1365825733197783042
1365825768442322945
1365825785362325504
1365825803318005763
1365825834620190723
1365825851313520642
1365825885773905924
1365825896641409025
1365825948701126656
1365825957370601473
1365825958415130625
1365825971811725314
1365825972944142339
1365825996893659136
1365826001083637765
1365826003092840450
1365826008063041539
1365826021161844736
1365826044855545857
1365826046742913026
1365826049062428674
1365826049385365505
1365826060047237122
1365826060823240705
1365826069518024705
1365826074559528960
1365826102023901184
1365826102049071107
1365826119472058371
1365826126023585796
1365826135569928198
1365826150682001410
1365826176917385220
1365826179098378248
1365826181849894915
1365826184769114122
1365826187134705666
1365826196353802244
1365826206562742277
1365826220676571138
1365826256961368066
1365826302201241603
1365826381628792834
1365826409109757952
1365826427342499845
1365826462037798916
1365826515737321473
1365826549166051330
1365826568690561025
1365826620129484800
1365826620813176832
1365826647270727680
1365826666510098437
1365826680888168450
1365826696964759555
1365826723439398914
1365826727071653891
1365826733723815947
1365826737687257092
1365826796470460417
1365826800828432385
1365826812060778496
1365826814141112320
1365826848186388481
1365826865638879236
1365826969191936000
1365827014725406721
1365827104839897090
1365827107578925058
1365827141326278658
1365827160032874503
1365827231528853509
1365827232166518794
1365827246875901958
1365827296062369792
1365827296116895745
1365827383111131139
1365827415608602625
1365827443240562689
1365827598572392448
1365827628934995969
1365827651668221960
1365827668122497025
1365827686032158721
1365827690914267138
1365827706684809217
1365827735587758081
1365827793624330240
1365827804437180417
1365827849798754304
1365827871370076160
1365827889871155203
1365827897647394819
1365827912293904384
1365827944761884673
1365827958661935106
1365827988886065155
1365828016799178752
1365828082528100354
1365828120541036549
1365828152484794368
1365828190254608391
1365828193089904640
1365828209359609857
1365828231845322757
1365828234982666240
1365828272123244545
1365828322631053316
1365828326334599168
1365828356034420742
1365828436607000578
1365828438104436737
1365828479095291906
1365828521038401536
1365828523416571908
1365828527149449217
1365828535307264005
1365828580127559680
1365828585412509698
1365828621034655748
1365828629293191170
1365828668216340480
1365828680958812161
1365828705839288320
1365828709815492608
1365828744850665478
1365828764454641664
1365828780451889155
1365828834080288768
1365828853818560517
1365828872915333121
1365828928045211662
1365828936723226625
1365828969216499713
1365828979823845378
1365829000128569348
1365829016985374724
1365829020575690754
1365829022341615631
1365829025390862338
1365813969282158592
1365813969437532166
1365814027696431104
1365814101205790725
1365814142951710721
1365814220948914176
1365814315014643713
1365814443989495810
1365814502764199943
1365814512209850378
1365814721019011079
1365814723216871433
1365814734323384322
1365814738005934081
1365814827197865986
1365814893782401029
1365815020110626818
1365815568662675458
1365815709360676865
1365816005956677632
1365816036734480384
1365816120863776777
1365816186122993664
1365816231450849282
1365816238753140737
1365816402221891585
1365816473873219590
1365816474057797640
1365816484761509892
1365816494161080322
1365816538687766528
1365816751447937026
1365816802392109065
1365816826345717762
1365816837427126276
1365816875800793091
1365816989067972608
1365817009653641220
1365817151437832193
1365817296812470273
1365817334099808260
1365817363749306368
1365817474055368706
1365817485086318594
1365817490958389248
1365817493625921540
1365817506087141377
1365817530758148098
1365817574571794434
1365817594108907521
1365817600173895680
1365817611108425732
1365817675474231297
1365817678427025411
1365817703374737408
1365817705434128392
1365817742884966402
1365817804486701056
1365817805027819527
1365817807204732928
1365817816461553664
1365817821985406979
1365817854621286400
1365817911483457539
1365817967502626816
1365818009324040195
1365818098754945024
1365818291403513863
1365818345472286729
1365818387478302721
1365818408051367939
1365818461755170817
1365818524090966023
1365818544869560321
1365818810511499264
1365818977310683136
1365819039700955136
1365819042783768578
1365819058214608898
1365819099847286789
1365819142859816964
1365819148094349314
1365819299714060288
1365819468904079360
1365819476323762190
1365819476713869318
1365819580585664516
1365819588622110720
1365819626140147712
1365819636210692096
1365819696273104897
1365819705932607488
1365819727185068033
1365819938208960515
1365819970253246467
1365820098271989760
1365820106031337479
1365820203188289539
1365820209995653124
1365820211329437703
1365820220015796224
1365820241440292869
1365820333647880195
1365820352878817281
1365820483044847617
1365820617082208263
1365820619468775424
1365820647755153411
1365820765451530242
1365820889569386497
1365820923765354499
1365820963699367939
1365820982989094912
1365821014849048577
1365821073342750724
1365821115298443265
1365821123288514561
1365821140598407168
1365821260400390145
1365821269208367110
1365821302439874561
1365821337504075777
1365821355455840256
1365821355481038855
1365821505007808515
1365821519281205251
1365821530639372289
1365821560502833152
1365821579427532802
1365821592224301057
1365821595156103175
1365821722604285958
1365821747182862336
1365821805215313928
1365821817827524610
1365821900753100800
1365821907585683459
1365821922630651905
1365821924169965571
1365822012917248000
1365822041107148803
1365822106978680835
1365822212771577856
1365822283592458241
1365822322771439617
1365822432494387206
1365822604628606977
1365822744902959127
1365822809432231939
1365822811978280960
1365822837240434689
1365822853057294336
1365822903057580032
1365822940080730113
1365822969369387009
1365822988822728707
1365823017805250562
1365823027678765064
1365823108528148480
1365823112286265346
1365823260064165890
1365823280175853568
1365823286597332995
1365823298643271685
1365823349713117185
1365823633877131264
1365823758146093057
1365823769021972481
1365823875997724677
1365824096785866755
1365824114389372929
1365824144999333896
1365824161764036611
1365824170567737348
1365824183100465153
1365824206794022913
1365824252579053569
1365824275211575296
1365824295990009856
1365824307335684099
1365824398159187972
1365824475548299264
1365824476252954625
1365824487434952712
1365824721535840257
1365824863420768257
1365824897050693637
1365825002004754433
1365825260852027394
1365825448417112070
1365825560690249729
1365825640843399172
1365825722762354689
1365825815829618689
1365825844460068864
1365825888575750148
1365825944871649284
1365825954074025986
1365826088233037827
1365826102099202050
1365826378474618881
1365826430286901248
1365826663490215936
1365826780393861122
1365826938045145089
1365826956537847808
1365827018760290306
1365827043879968769
1365827165716180993
1365827185802674184
1365827264701603840
1365827298604236803
1365827299308838913
1365827312953020416
1365827418137759746
1365827441265176576
1365827514380128257
1365827518499065858
1365827604356423691
1365827684102725637
1365827718605111299
1365827762683011073
1365827776230682624
1365827809214562307
1365827849609969664
1365827864336171008
1365827910590947332
1365828279752675328
1365828309729374212
1365828510334541835
1365828533612912643
1365828581016879105
1365828659974701056
1365828744720642050
1365828802031550465
1365828847057444867
1365828896126627850
1365828909988798465
1365829065609863170
1365813989549178889
1365814000118865925
1365814006703939603
1365814009862250504
1365814025494396929
1365814025934766085
1365814046142967808
1365814048886050824
1365814053633994756
1365814177827282947
1365814200862318594
1365814298472296451
1365814314276425728
1365814320999796741
1365814324208431107
1365814341723975680
1365814346853609475
1365814363295125504
1365814376087900163
1365814474809090048
1365814497148080128
1365814557457981447
1365814683601674244
1365814715834892290
1365814720733671427
1365814917358567432
1365814944780877825
1365815024007135233
1365815109445165058
1365815122174898182
1365815261924909056
1365815265716547584
1365815317100965888
1365815398944313348
1365815437628432385
1365815447166332928
1365815565663703041
1365815607044624386
1365815634005794819
1365815657355427845
1365815668139032580
1365815759260295171
1365815802155266051
1365815804269371392
1365815842877943814
1365815877292195852
1365815889749237762
1365815926617038848
1365815960465104896
1365815963439013891
1365816023694401537
1365816069244342274
1365816081991012356
1365816109853675521
1365816161238196226
1365816186286583808
1365816239273222147
1365816251759607808
1365816288812167168
1365816329924718592
1365816354721333249
1365816357066051590
1365816383003648009
1365816479371919360
1365816493800325123
1365816649962508288
1365816669067739136
1365816731134873600
1365816774684536835
1365816781806460928
1365816809472086018
1365816859736436742
1365816890560544769
1365816967341334532
1365816977650896897
1365817000421961728
1365817007707414528
1365817012132474881
1365817099915038720
1365817146626826241
1365817159419453442
1365817174560935936
1365817175668359177
1365817194093948929
1365817199022256142
1365817206525882371
1365817306870407171
1365817325182734338
1365817353007677440
1365817393000366081
1365817464513159170
1365817527553687552
1365817558847410176
1365817695103574016
1365817735062691840
1365817835138736132
1365817838808760325
1365817887278190596
1365817890453258246
1365818005720981504
1365818041024602121
1365818201079177218
1365818223766220803
1365818228895809538
1365818231420837888
1365818347242156034
1365818371997073412
1365818409158500353
1365818669767385089
1365818772590886915
1365818831319404546
1365818915331461127
1365818916300156930
1365818990417891335
1365819011674632192
1365819056004222976
1365819076786880513
1365819098190336001
1365819135687589890
1365819332723421186
1365819380051886086
1365819476147654662
1365819486180237315
1365819585354694663
1365819588659859459
1365819625527775233
1365819658004226049
1365819703353090054
1365819753131106304
1365819798773465093
1365819830851362819
1365819855379730435
1365819869267062785
1365819869355270144
1365819885830303747
1365819915739926532
1365819927760887816
1365819986049200134
1365820049542504451
1365820068374876165
1365820072460189696
1365820085538021377
1365820121592328193
1365820141125124097
1365820209525907458
1365820213535547393
1365820254044237826
1365820269588275202
1365820271609999361
1365820337351499781
1365820384944168960
1365820390455541765
1365820393500545027
1365820406217793536
1365820422223138820
1365820459921645574
1365820465281961989
1365820470910619649
1365820490095366145
1365820496093220864
1365820548190785542
1365820572857376768
1365820578414886913
1365820708689899521
1365820713593155586
1365820719368728583
1365820795252015110
1365820896984801285
1365820911975239681
1365820912872914947
1365821062563258368
1365821065566580737
1365821073275559938
1365821088345645058
1365821122512568322
1365821148592750593
1365821198169493507
1365821339613884416
1365821407817437184
1365821436707790849
1365821437290770434
1365821474544750594
1365821478135074819
1365821497202343937
1365821501191118854
1365821627645255680
1365821672398483457
1365821756221579265
1365821759237324803
1365821769932660737
1365821795845160971
1365821909515071490
1365821914166525955
1365821944600301569
1365821952494088192
1365821970999173122
1365821974983942144
1365821978049998848
1365821983104135171
1365822105963663362
1365822110262681602
1365822237211725827
1365822253607260163
1365822462642900993
1365822553227333632
1365822593652174859
1365822616737435650
1365822643560087558
1365822685708750851
1365822720169021440
1365822736849793024
1365822746148528132
1365822761378144257
1365822762238021636
1365822772862066691
1365822782668300288
1365822787395280901
1365822804986392578
1365822821864148994
1365822826247114754
1365822831431462912
1365822834732376066
1365822845662597122
1365822853413826560
1365822879821094913
1365822902390587392
1365823125644931075
1365823133819707395
1365823153134567425
1365823155441336321
1365823239142842370
1365823243458777088
1365823255676735489
1365823280574328832
1365823281404796929
1365823295791243268
1365823315290464260
1365823316662104066
1365823317001830402
1365823321493880835
1365823390515417088
1365823484136280066
1365823593465192454
1365823618341462019
1365823618790223872
1365823642777448451
1365823721294893057
1365823724188880897
1365823737967222785
1365823755331637252
1365823806493790209
1365823807747989514
1365823869907394562
1365823995430506500
1365824041513328648
1365824053328674818
1365824057711734792
1365824110660640769
1365824161172451329
1365824220895338497
1365824275534512128
1365824328298684416
1365824367771463682
1365824390034649088
1365824440756555777
1365824441603751939
1365824511392817157
1365824616816517123
1365824669681524737
1365824805149184003
1365824846270193666
1365824859284983808
1365825011714506755
1365825016378454017
1365825026935595011
1365825030618292228
1365825094103179267
1365825097680842753
1365825097840222211
1365825192052817922
1365825199489318912
1365825202223988747
1365825229612843008
1365825242929717248
1365825265037938691
1365825331752484868
1365825337528094724
1365825384751632384
1365825403408052225
1365825414137057286
1365825499453390849
1365825512103440389
1365825512556347394
1365825583465132034
1365825663920340992
1365825713501319171
1365825724192546825
1365825830065041412
1365825880321380356
1365826220965814274
1365826256533676033
1365826279774162944
1365826400305954816
1365826477917372417
1365826488755318785
1365826557357543427
1365826630158008322
1365826653847359491
1365826667365732359
1365826769584984064
1365826822970232835
1365826914938621953
1365826942188969989
1365827005191770118
1365827014226280449
1365827024301019137
1365827049521299457
1365827079867088896
1365827142571995145
1365827172569665536
1365827217121542147
1365827309282992128
1365827369794174977
1365827397124259846
1365827457362714624
1365827484856549378
1365827529290907650
1365827647775928321
1365827704176603140
1365827757259825156
1365827769305825282
1365827792638644227
1365827817666150401
1365827820212146178
1365827873253154816
1365827893100617730
1365827921974226946
1365827945751744512
1365828006573346817
1365828039297368064
1365828048008970245
1365828053746688002
1365828090471927819
1365828145228709895
1365828148693237770
1365828177290002433
1365828221762166784
1365828232201838595
1365828266192330753
1365828275117846528
1365828332076605440
1365828373122015232
1365828389840379906
1365828424007262208
1365828465132515330
1365828490763853824
1365828496191283204
1365828535873662984
1365828551648317443
1365828552604672001
1365828645542060036
1365828650537340930
1365828675405373444
1365828824412262402
1365828883547906048
1365828950228955137
1365828972701880323
1365829014405931011
1365829023654420489
1365829038187577344
1365829043233431557
1365814780641083395
1365826058424049666
1365827177795624961
1365827405751975949
1365828002580463617
1365828151054659589
1365814866951438336
1365817150074716163
1365815459581419522
1365815462521688071
1365815469471633414
1365815479890288645
1365815553013805060
1365815627592699906
1365815642776104967
1365815739148619776
1365815752964595712
1365815762942910464
1365815792554692613
1365815793926238208
1365815879129300994
1365815892706140160
1365815920229183488
1365816016014438404
1365816060268711937
1365816101238689794
1365816117399351302
1365816143768932356
1365816170251747330
1365816176358563841
1365816258118127616
1365816267932794881
1365816331896029186
1365816336086151170
1365816375919321090
1365816390511431684
1365816411810127877
1365816417736663041
1365816428813639682
1365816468655403008
1365816478231068672
1365816530026561538
1365816542177419268
1365816562645671939
1365816595994599428
1365816625874747392
1365816658653306883
1365816792082509824
1365816825846579201
1365816889985785856
1365816894872297472
1365816913247535105
1365816917492121601
1365816930351865862
1365816943115141125
1365816954624253956
1365816995241943046
1365817060513640452
1365817106349096960
1365817135067508742
1365817160145264648
1365817274024800260
1365817283822632961
1365817318211686401
1365817328777236482
1365817331050569729
1365817364533686277
1365817366756605952
1365817376076419074
1365817417859932161
1365819307125469187
1365819382430134282
1365819398989221890
1365819422745784324
1365819423022530560
1365819559454900226
1365819610554126338
1365819628585279489
1365819678187130881
1365819719702499328
1365819760894689288
1365819764967317506
1365819769551732736
1365819838824812544
1365819853169451010
1365819861864230914
1365819927664410629
1365819944143904773
1365819993552781323
1365820019708481539
1365820141016150021
1365820149140447238
1365820240458883073
1365820248411176971
1365820264173375488
1365820344293023745
1365820394050052101
1365820559599099905
1365820577752231936
1365820589139714051
1365820624531320834
1365820632324182018
1365820672782532610
1365820725513306112
1365820755577950209
1365820796749422594
1365820894820642816
1365820941469638662
1365820965364637702
1365820980149518338
1365820996360548352
1365822945055105025
1365822966806757376
1365822996284342272
1365823110843224065
1365823135753281537
1365823152526397445
1365823181085421568
1365823230930350081
1365823263516073991
1365823277487198215
1365823311545061377
1365823315319926787
1365823341685309441
1365823407313494017
1365823479652696070
1365823493959483392
1365823556781805574
1365823560829304838
1365823568567697408
1365823580605448193
1365823585181458435
1365823638591721473
1365823653091287040
1365823677493891078
1365823694690476035
1365823724700639232
1365823728131710979
1365823742195208198
1365823759152803840
1365823770158596096
1365823774029930504
1365823774067728386
1365823786851966977
1365823791901913089
1365823797757100034
1365823820213403650
1365823873158156290
1365823929198125061
1365823999658381314
1365824057711681542
1365824147989925892
1365824148220616705
1365824289275019266
1365824309177044999
1365824319251652608
1365824427011813377
1365824768478482433
1365824837491564546
1365826752547749889
1365826808369864710
1365826905652531203
1365826928402264065
1365826999474925568
1365827035634032646
1365827069746233346
1365827147009560577
1365827168903725057
1365827185404166148
1365827193889316868
1365827215909289990
1365827263527325698
1365827266853404673
1365827303771688962
1365827335996338176
1365827357672677376
1365827411976347649
1365827436718530565
1365827572429373442
1365827573373149186
1365827587826663429
1365827598618558472
1365827611817963520
1365827648379756548
1365827719905345553
1365827752759328769
1365827826398691329
1365827873563623429
1365828028065067013
1365828030816469001
1365828104803913733
1365828110415880195
1365828173771001856
1365828228707807233
1365828253336932355
1365828377609822214
1365828386304720898
1365828390943666180
1365828556274757636
1365828568173969409
1365828588474359808
1365828594157510657
1365828631830794241
1365828644480962561
1365828660318662660
1365828669353164802
1365828693751455747
1365828696922292226
1365814136131575812
1365814219870900226
1365814403023659017
1365814589246607361
1365814715826511880
1365815405613223937
1365815445803069441
1365815937438466049
1365815954643509248
1365816474418376707
1365817660282466305
1365817667735719936
1365817742788550660
1365817753060409344
1365817812820758528
1365817994312642564
1365818045260701697
1365819434762313728
1365819462117699588
1365819609400692736
1365819898077741056
1365819949147582464
1365820311283916804
1365820543186960388
1365820648698703874
1365821147762294788
1365821226808131585
1365821379057188866
1365821584649420800
1365822171193475072
1365822357730963457
1365822437351432199
1365823112319799301
1365823162001346565
1365823217596686338
1365823543150223361
1365824184346116096
1365824642615828484
1365824908287115265
1365825714285654018
1365825817763274753
1365825879415398407
1365826165894746121
1365826510079295491
1365826628513902596
1365826684038107138
1365826719538626564
1365826818025127938
1365826935851474947
1365827241632931840
1365827421375770625
1365827469325062145
1365827663445692418
1365827692004843522
1365827730328199168
1365828069781426178
1365828103218614274
1365828170142932998
1365828256017092611
1365828289848303621
1365828360350359552
1365828804887871493
1365828902040473601
