tweet_id
1394729502463430662
1394729502643658752
1394729505713917953
1394729506477334537
1394729513670647817
1394729527000150026
1394729544876179464
1394729553004843013
1394729561384947716
1394729603286114304
1394729607572697095
1394729622307176450
1394729623364243458
1394729637805178881
1394729639810117637
1394729642263781376
1394729648160972804
1394729661398147074
1394729671338590211
1394729687134392330
1394729690749866001
1394729695153897478
1394729697972408321
1394729714686779393
1394729726950973441
1394729747956043780
1394729751432994818
1394729754788573192
1394729755551862791
1394729758127280128
1394729759033024512
1394729770944974850
1394729783502704643
1394729792822448131
1394729796618399744
1394729804646305796
1394729805803925504
1394729811835244545
1394729823227023360
1394729827148701701
1394729827228323846
1394729871625043970
1394729880290422784
1394729887211130888
1394729890063085568
1394729890176389123
1394729904219037696
1394729924578131969
1394729953284001797
1394729972212932610
1394729988339998723
1394730002932019207
1394730009219137536
1394730010980884485
1394730042270355458
1394730056774262788
1394730059500593155
1394730063241875457
1394730064533671938
1394730074809593858
1394730085265985539
1394730101024206848
1394730105818304513
1394730113309319170
1394730137959108609
1394730139901104131
1394730144141660167
1394730155176865797
1394730168971837443
1394730181634445314
1394730195974754304
1394730206070464512
1394730210424131591
1394730218074562561
1394730222961008649
1394730236219113476
1394730238429515780
1394730242439266305
1394730250102353922
1394730252866228224
1394730254422454275
1394730258100887558
1394730266699046916
1394730289071538183
1394730304175280130
1394730313297899522
1394730323230052357
1394730331241160706
1394730337801015304
1394730351206060032
1394730352820867074
1394730358680268803
1394730387008593927
1394730391710302209
1394730395648741377
1394730411159396353
1394730418059059210
1394730431031873536
1394730435821936640
1394730449239527435
1394730452783669255
1394730454314586112
1394730461105205261
1394730470764687360
1394730472958222340
1394730478989713429
1394730480436711424
1394730487789367298
1394730501777235971
1394730507389308928
1394730507812937734
1394730516583223299
1394730524581658625
1394730527429701636
1394730531162628111
1394730537735139332
1394730558106841095
1394730566147317765
1394730608350408706
1394730611638775808
1394730615677669378
1394730624146083848
1394730644471693315
1394730646950580226
1394730653552283656
1394730661030731782
1394730689682104334
1394730698137907200
1394730700545437700
1394730707117699072
1394730746485657600
1394730752424742922
1394730754719076357
1394730758862954496
1394730768895774727
1394730770883829762
1394730777733046275
1394730782325764097
1394730790085439498
1394730791272390657
1394730791423336448
1394730806518718466
1394730809039458306
1394730822750679043
1394730824457605120
1394730825665683464
1394730833685229568
1394730836205973508
1394730839615934470
1394730839800430592
1394730847232839690
1394730852727369729
1394730864576237568
1394730864987316225
1394730867172380672
1394730874671874048
1394730875812646914
1394730878887137282
1394730879789019137
1394730880371986434
1394730890446532615
1394730891872776203
1394730894775263235
1394730902480203779
1394730910382125065
1394730911204188160
1394730930946854918
1394730935866650628
1394730936231661569
1394730939868123136
1394730940677636098
1394730945614319620
1394730946583310336
1394730947535384576
1394730955919745032
1394730956817272832
1394730961825378304
1394730965403152396
1394730967848398849
1394730970759184384
1394730978615169027
1394730986349420548
1394730993752416261
1394731005702021120
1394731016657375241
1394731020952375296
1394731025620680708
1394731039101231106
1394731041135505410
1394731063944093702
1394731130499346432
1394731138871029760
1394731150128689152
1394731150652870656
1394731160505356299
1394731163353243648
1394731169048981504
1394731170194206726
1394731181141282822
1394731181728542721
1394731182886117386
1394731184370946048
1394731186136788996
1394731197075501057
1394731197100613635
1394731214716682243
1394731224636219402
1394731246886981638
1394731288414744583
1394731297965105153
1394731303057215491
1394731310845923328
1394731315409346563
1394731328504008713
1394731342231916545
1394731354642804739
1394731358983917570
1394731360967921666
1394731364419780608
1394731367120916486
1394731385479483395
1394731398339117056
1394731399039655937
1394731416982806529
1394731439485296640
1394731475195490304
1394731506149507077
1394731509462880256
1394731512772317185
1394731519739060225
1394731527892832257
1394731534142382080
1394731555713478659
1394731559874437124
1394731560306348038
1394731563707994112
1394731570272026627
1394731575330451456
1394731586617217027
1394731593286230023
1394731600022327306
1394731611808227328
1394731632704241666
1394731636650954758
1394731637900984325
1394731660088909828
1394731679533604864
1394731684654772230
1394731738933334016
1394731744176259075
1394731751050825731
1394731756700450820
1394731775788716038
1394731788136861700
1394731809771040768
1394731810383437833
1394731813549920257
1394731828863455240
1394731834026627073
1394731844214657032
1394731917472374784
1394731918076399620
1394731942268997632
1394731981959798784
1394731982593028099
1394731983943655424
1394732011865079811
1394732012288843778
1394732016600600582
1394732019389763584
1394732020606058496
1394732023835729924
1394732028310999040
1394732030483701773
1394732035105767427
1394732055976677376
1394732058220580868
1394732070929326089
1394732071143108609
1394732076453277697
1394732102998974471
1394732152894459908
1394732169696776194
1394732176487354368
1394732200105439237
1394732246527926272
1394732262395109382
1394732268715970569
1394732268887973891
1394732304136867840
1394732310088589313
1394732322843471874
1394732329029955585
1394732365017141257
1394732369165361155
1394732381794455554
1394732384143167497
1394732393513295878
1394732403298549765
1394732404473016321
1394732418033229833
1394732419383705600
1394732445065486340
1394732446046986243
1394732448412585988
1394732451143036937
1394732471405604864
1394732476107481088
1394732478930292739
1394732481300025349
1394732498215637001
1394732512795054085
1394732517773615106
1394732522081112064
1394732531308695557
1394732532868997122
1394732536476078085
1394732556378157058
1394732559674875910
1394732600132915204
1394732616411238403
1394732619758194690
1394732625143549958
1394732658144464903
1394732667825016836
1394732681057943556
1394732708199346178
1394732729019736064
1394732735076372481
1394732736376672258
1394732743871844354
1394732752952569856
1394732756618334213
1394732760271622146
1394732777183059977
1394732791380660224
1394732791598751746
1394732850038116357
1394732850151309318
1394732857847812097
1394732871215104002
1394732884574052362
1394732903561564165
1394732912780718087
1394732913145438211
1394732924508020737
1394732940375035918
1394732986457804800
1394732986638028800
1394733014299652098
1394733086185771011
1394733104401633293
1394733115533250561
1394733121753526278
1394733128422510601
1394733128833454083
1394733144272670722
1394733155031175170
1394733244365512705
1394733244701097985
1394733250199924743
1394733262954586116
1394733264808599553
1394733318013325313
1394733327874154500
1394733340457066503
1394733343120535558
1394733363764809729
1394733373302599680
1394733406970425344
1394733412792012802
1394733420127916037
1394733426264068096
1394733428709412864
1394733444161146882
1394733456161128449
1394733475643727872
1394733475807342592
1394733478030229511
1394733486238576646
1394733486456639488
1394733502059343872
1394733525807640576
1394733532623294470
1394733545172647945
1394733548419092481
1394733562277076992
1394733565007564802
1394733568367243264
1394733575249928192
1394733592379547654
1394733630950318080
1394733701062434821
1394733713792147463
1394733727381692420
1394733728694366210
1394733740996374528
1394733762496237574
1394733778283765761
1394733795358781444
1394733801230712837
1394733812521869315
1394733819845021700
1394733832109178883
1394733845828837381
1394733858847866881
1394733869455269889
1394733891278102531
1394733907308949508
1394733915458482183
1394733918977466371
1394733932189425668
1394733939676393473
1394733941957881856
1394733956789149696
1394734020060061698
1394734021641388032
1394734039769272323
1394734040041750530
1394734042025766921
1394734047344144384
1394734051618168832
1394734052092022787
1394734087001280516
1394734092147564545
1394734113123454985
1394734127291764736
1394734138855460868
1394734149051719687
1394734184229265409
1394734189765926914
1394734211748274184
1394734216995393545
1394734217712525312
1394734245252317187
1394734267327000594
1394734267947753479
1394734277917478912
1394734282917167105
1394734297475653633
1394734316471521280
1394734319491420160
1394734349551996930
1394734355143008256
1394734359794520067
1394734361723932674
1394734379050561539
1394734383068631040
1394734386939973632
1394734394611470336
1394734420301549569
1394734440161628161
1394734445316345858
1394734445400309771
1394734447262674944
1394734456439717899
1394734459556044800
1394734462932451331
1394734469765124099
1394734473648951301
1394734480649297923
1394734485514588163
1394734496243752967
1394734533199728645
1394734538677444612
1394734539889680396
1394734541957308418
1394734544146866188
1394734548055887872
1394734549074997248
1394734552598208514
1394734553865113604
1394734558612840448
1394734561066684416
1394734574375108609
1394734589592195082
1394734590611410949
1394734592012210182
1394734593522155524
1394734604498608129
1394734614225330179
1394734625944129542
1394734631195488258
1394734637591662593
1394734662359175174
1394734667929169920
1394734668218576896
1394734677856899075
1394734679564201985
1394734706726514705
1394734738456256513
1394734745880256520
1394734763521593348
1394734777098407936
1394734783704543240
1394734806768910338
1394734807461072901
1394734817426673674
1394734832278654977
1394734844169629706
1394734844878286849
1394734865103220740
1394734888738336770
1394734897474965507
1394734898284466179
1394734902097088513
1394734904575934473
1394734907168014345
1394734918182264835
1394734922728943621
1394734927137198089
1394734935718588418
1394734950033805312
1394734952558862338
1394734963799568385
1394734969767948291
1394734988063617025
1394735029977292806
1394735064638910468
1394735068552310784
1394735084847120385
1394735106871468036
1394735138211254273
1394735151498862593
1394735153298255872
1394735163591077892
1394735165973405706
1394735171291725828
1394735193420820480
1394735214694383624
1394735224437813256
1394735224651718665
1394735272034816000
1394735289436971020
1394735322269851649
1394735339168747521
1394735362040344577
1394735395791855625
1394735398010687489
1394735420152238086
1394735423616962560
1394735440415035392
1394735451089473537
1394735463165005824
1394735464918175747
1394735465568247808
1394735466222600193
1394735489178025994
1394735490113363979
1394735492260716544
1394735527249780738
1394735562897117186
1394735580055891970
1394735589455548421
1394735594236960769
1394735606098538496
1394735650927091713
1394735708913356801
1394735721102155777
1394735724235169800
1394735756590161933
1394735789846581251
1394735829608800259
1394735837657505796
1394735893055934467
1394735898340872200
1394735902841360384
1394735913519960066
1394735915898073091
1394735923502272513
1394735937574293504
1394735940967575560
1394735960290734094
1394735963797082113
1394735966506479616
1394735991701733376
1394736005207429121
1394736009540165635
1394736029798633473
1394736055623028739
1394736095372275712
1394736149185323014
1394736165358505990
1394736184501456898
1394736198808219650
1394736221298077700
1394736224322015232
1394736235948781570
1394736239090102272
1394736259181027332
1394736265191432204
1394736323018346496
1394736329817272324
1394736331289333762
1394736345298374661
1394736353229766660
1394736356375494657
1394736370275524611
1394736399883067392
1394736420871364615
1394736424881172487
1394736448922865669
1394736457055674375
1394736458242478081
1394736482120716288
1394736507592880129
1394736508788101120
1394736520343523335
1394736527557734405
1394736583375478784
1394736588362592258
1394736595551588357
1394736611003277312
1394736655391760387
1394736695220789255
1394736715244445696
1394736730142543873
1394736749511852034
1394736753223815176
1394736820710256645
1394736830738743297
1394736848732266496
1394736864087642119
1394736868722348034
1394736869603090432
1394736884602003461
1394736885554196482
1394736896920674308
1394736898615259145
1394736906404040712
1394736917623754757
1394736934694658053
1394736934941908997
1394736939270434816
1394736940394614787
1394736965271134214
1394736972803964928
1394736982689947648
1394736996887760897
1394736998653448194
1394737003611185156
1394737004408045568
1394737026814119941
1394737032044453890
1394737038658732034
1394737044547506177
1394737049513594881
1394737049551491080
1394737049874354178
1394737051908546560
1394737066710339584
1394737067620450304
1394737071147954177
1394737097957908483
1394737101745229825
1394737124784578566
1394737127435292674
1394737141272301568
1394737163053543427
1394737168984289288
1394737174495383552
1394737178471768064
1394737206862962689
1394737215935172609
1394737219257176070
1394737235975565312
1394737239511420933
1394737241793126402
1394737247350673409
1394737248457928704
1394737253671391233
1394737268036980780
1394737275292946433
1394737276370907136
1394737277616771076
1394737296721645568
1394737300597268485
1394737307278843904
1394737309401194498
1394737318267813889
1394737318725144582
1394737321254301697
1394737325758889984
1394737333178716165
1394737335271673868
1394737338958364680
1394737340195561473
1394737345988022288
1394737346998898689
1394737353634234368
1394737359661436929
1394737363235053572
1394737364208001026
1394737368838586370
1394737385485705217
1394737385561214977
1394737387796942851
1394737405408661504
1394737418993946624
1394737420759965701
1394737423721054211
1394737429937000458
1394737435754602500
1394737441181999106
1394737441811042305
1394737444742905856
1394737444860297217
1394737469845823498
1394737514485739522
1394737514993311745
1394737520382984202
1394737563458494469
1394737564733513731
1394737564934983680
1394737577723191296
1394737598342516736
1394737611491708928
1394737643410186241
1394737643758444549
1394737673026351105
1394737687651827713
1394737712377339910
1394737719511863296
1394737720799412225
1394737732509966338
1394737749698166787
1394737765355450369
1394737770044788736
1394737772355678208
1394737775921016840
1394737786398314499
1394737789669871621
1394737832523141129
1394737844539830282
1394737853465305091
1394737872562003976
1394737895836168198
1394737897031536648
1394737901175336963
1394737908913934338
1394737912185511936
1394737912906911746
1394737917923364864
1394737919559090180
1394737922750959616
1394737945572216835
1394737948462047232
1394737959962820624
1394737975448252421
1394737998521110542
1394738005303300099
1394738012672647169
1394738019207454723
1394738030993285122
1394738033908408328
1394738039893626883
1394738050362712065
1394738086983184387
1394738088983863302
1394738089784905739
1394738090082713605
1394738104368500739
1394738112824233987
1394738114900471809
1394738118352384002
1394738120130707458
1394738124211855371
1394738130087993359
1394738148152942601
1394738153307639814
1394738159812956160
1394738160282841091
1394738163948662785
1394738165131448324
1394738168218505216
1394738180591656962
1394738185981280260
1394738186744696837
1394738190754451462
1394738199692550145
1394738211616968709
1394738211709202438
1394738212405489699
1394738231539798019
1394738232789774348
1394738253039906818
1394738254457548803
1394738257716523009
1394738261172625415
1394738262074445833
1394738268915347459
1394738270773387268
1394738281221341193
1394738283268222977
1394738288754233345
1394738290469883904
1394738302113177610
1394738312166920193
1394738313333022730
1394738325794213888
1394738331653754881
1394738340818259968
1394738346111422470
1394738350976872450
1394738373684781073
1394738414449303554
1394738417544564736
1394738420577153028
1394738442764967945
1394738455964528642
1394738472473219076
1394738472590745614
1394738474553692160
1394738523610263555
1394738540777517064
1394738546418753538
1394738557516877827
1394738559563702272
1394738571395801090
1394738581646807045
1394738589754404869
1394738601297125380
1394738607659835398
1394738610134560771
1394738613276102657
1394738621492731907
1394738638894903299
1394738641210159106
1394738670700306435
1394738675938775040
1394738676962369542
1394738679659302913
1394738713259827206
1394738736282341384
1394738742791913473
1394738753051271175
1394738767395700739
1394738793719214086
1394738797418631168
1394738804204916745
1394738804905242624
1394738812430004224
1394738815693201414
1394738823020511232
1394738834391375874
1394738858948968456
1394738889093492737
1394738894575390720
1394738899335868416
1394738907544227852
1394738916075397129
1394738926330515462
1394738933674627072
1394738938988974082
1394738959431897090
1394738964335058945
1394738970840420353
1394738977098371076
1394738981225500675
1394738989920313346
1394738998975684610
1394739017288138757
1394739024137437186
1394739040449179648
1394739047680159750
1394739062603350017
1394739100507324416
1394739121977954305
1394739133894078467
1394739160162918400
1394739168710995973
1394739173945393159
1394739191406231554
1394739214273626112
1394739223849316352
1394739264194236423
1394739265486180352
1394739270758305792
1394739300353421312
1394739380921712643
1394739397367672836
1394739398613168131
1394739398739173378
1394739399095635969
1394739413192781825
1394739414123913219
1394739434604609545
1394739449204920322
1394739466905038851
1394739504368472064
1394739510970302468
1394739535851008003
1394739548928856074
1394739549499187204
1394739558269521921
1394739567857647624
1394739578070724612
1394739618382327812
1394739641358618624
1394739657972326407
1394739660316884997
1394739674992758791
1394739698942169090
1394739700963979265
1394739706789732353
1394739719100116993
1394739740650389508
1394739787911815173
1394739814499553280
1394739817901027330
1394739830131732484
1394739835785543680
1394739868933185541
1394739872406061057
1394739892761022469
1394739892991795201
1394739898733715465
1394739912130408450
1394739914198093831
1394739926344810496
1394739964634550273
1394739966048153602
1394739982879891459
1394739993348911106
1394740003637506052
1394740033299566592
1394740038945095690
1394740069475360770
1394740074940674054
1394740085602471936
1394740093584220167
1394740099963834374
1394740123170902026
1394740166380642307
1394740179500474373
1394740203030519821
1394740222340976641
1394740241508933637
1394740292230602756
1394740309465124865
1394740311100903430
1394740314741608448
1394740318097059840
1394740318227075072
1394740336765935621
1394740346932838401
1394740351085158400
1394740372983717889
1394740379354808321
1394740389156900867
1394740390654357504
1394740422182903808
1394740441384378375
1394740470207631366
1394740479795757056
1394740499307696142
1394740512733663233
1394740535471099911
1394740535722713098
1394740540986564611
1394740559651221510
1394740565389025283
1394740572469010433
1394740573874147339
1394740608749641730
1394740615339024386
1394740624402878465
1394740625325580290
1394740639452078085
1394740671668383746
1394740678521806848
1394740683655766020
1394740692312788995
1394740737602818048
1394740741264400384
1394740741704986631
1394740812370558980
1394740837196697604
1394740841281900544
1394740842791907336
1394740849058074625
1394740851704844295
1394740866317635584
1394740897041035269
1394740910936576000
1394740944545669121
1394740945866919940
1394740950925185025
1394740975168282629
1394740980713238535
1394740995258945536
1394741054818107395
1394741079333875712
1394741081573662723
1394741105745399809
1394741110329720834
1394741124032471040
1394741143074746372
1394741150096007172
1394741155867152391
1394741164784422917
1394741167007358980
1394741175484043265
1394741185126703108
1394741196266872839
1394741197495701506
1394741207507550208
1394741213140553731
1394741222435168264
1394741228269416455
1394741230823686145
1394741233889812486
1394741235433320456
1394741252856242176
1394741259105939456
1394741262645878787
1394741263224688640
1394741264386494466
1394741265900744706
1394741291980926985
1394741293906079749
1394741295999037446
1394741313501806602
1394741327942852608
1394741327942897667
1394741337015083011
1394741377435586561
1394741381772550149
1394741381864722433
1394741400965636096
1394741424613175308
1394741426261475329
1394741432728973312
1394741433324691460
1394741448269049863
1394741450877833219
1394741461917241348
1394741463238553601
1394741468498206727
1394741471144816643
1394741489708711945
1394741508146966529
1394741510873124864
1394741527746912260
1394741545560064002
1394741560982523910
1394741569949868032
1394741585955508225
1394741599192723458
1394741615126794245
1394741628108255232
1394741635846713348
1394741643346161667
1394741670294470662
1394741670814572546
1394741671867396102
1394741679924649990
1394741694088761348
1394741705140801538
1394741706256437254
1394741706998824961
1394741757238259713
1394741757326331906
1394741767564574728
1394741768671748096
1394741778310385665
1394741812540149760
1394741822849789962
1394741840000294918
1394741848846049287
1394741854520885251
1394741865505767424
1394741881020502020
1394741885487439874
1394741893964173315
1394741896803667969
1394741897072193536
1394741897411715072
1394741897529237506
1394741898254893073
1394741904445612032
1394741911898972165
1394741911911546880
1394741919209635846
1394741922808348672
1394741952667598856
1394741956841021446
1394741958967431177
1394741963404890112
1394741981503442948
1394741983088840704
1394741985634881536
1394742004995723270
1394742008602931204
1394742010943320070
1394742015489941506
1394742017897517063
1394742019155709959
1394742026319499266
1394742033403756545
1394742033420406786
1394742034586550283
1394742038181068804
1394742056740925448
1394742058120843264
1394742058913464320
1394742074365431808
1394742076424794112
1394742083097927688
1394742089490079744
1394742091197173764
1394742095156494336
1394742111073939458
1394742114580418567
1394742125921775623
1394742125984718850
1394742129742778374
1394742131521060864
1394742131537940481
1394742139196686346
1394742139238682628
1394742139565846529
1394742151469309958
1394742151901294594
1394742155030130690
1394742160403144705
1394742172214235146
1394742173204107269
1394742187183726596
1394742202157387778
1394742208025214979
1394742224991174657
1394742226765418499
1394742227272863748
1394742236076597249
1394742237901332481
1394742267445972993
1394742271526977542
1394742271820578823
1394742273896640512
1394742283979792384
1394742284780982278
1394742289675612162
1394742303974170628
1394742306184437761
1394742307296092165
1394742319816056833
1394742323943284739
1394742324148715521
1394742326371758080
1394742340707815428
1394742344675692544
1394742345514557442
1394742348635119628
1394742352254799874
1394742363587809287
1394742371838042125
1394742374052605956
1394742375373750276
1394742380364845059
1394742380583084032
1394742385997975554
1394742386857816064
1394742387575083021
1394742388325761030
1394742395632332801
1394742412807852034
1394742418851827715
1394742426699436032
1394742429811630086
1394742440079368193
1394742447348011008
1394742465630986240
1394742471322648579
1394742472945946628
1394742477672812549
1394742486661218317
1394742488473157635
1394742505770569728
1394742511374114820
1394742526498705411
1394742538154627072
1394742541719724032
1394742548451713032
1394742556752285701
1394742558287224837
1394742585902645250
1394742589937627141
1394742611714379777
1394742670514262020
1394742680932995072
1394742680962338820
1394742682304622595
1394742705000001540
1394742706358849538
1394742750264844291
1394742780275183616
1394742788323897344
1394742794720251904
1394742799354908674
1394742822960607232
1394742828010463234
1394742836155797509
1394742837246185472
1394742839934918659
1394742891428421633
1394742897262489600
1394742909371502592
1394742920641662983
1394742927000313858
1394742928304611328
1394742944511545347
1394742953084588038
1394742965436825602
1394742972260896768
1394742977625481232
1394743000341811200
1394743008008998912
1394743036651917317
1394743057128443907
1394743059728855043
1394743067530436613
1394743085477908480
1394743140284698627
1394743165215707137
1394743166436323330
1394743167686225929
1394743168818614274
1394743179899985923
1394743186254299136
1394743196731809796
1394743212338778118
1394743223701045251
1394743244727201796
1394743262376775681
1394743296325570560
1394743299202641922
1394743311420862464
1394743313874444289
1394743315111677953
1394743320270843905
1394743327237496833
1394743331620589570
1394743346862645258
1394743348490117125
1394743366173220869
1394743366684971009
1394743377011384325
1394743386700062721
1394743391942963207
1394743424671170560
1394743429071052803
1394743437660983296
1394743444015239168
1394743475334176768
1394743486625288198
1394743505168355334
1394743507672313856
1394743518736826368
1394743539075006470
1394743540727513088
1394743553415340038
1394743563422941188
1394743570326867969
1394743572985909253
1394743663939440647
1394743670742605836
1394743696663490569
1394743701943906304
1394743736807174151
1394743756428136464
1394743761297608712
1394743766863384578
1394743767496863756
1394743768402780160
1394743772093820934
1394743781354790923
1394743802229821440
1394743828066799620
1394743830868480001
1394743843971649546
1394743847117365252
1394743860191010822
1394743892910780421
1394743894198439936
1394743902347931653
1394743902939271170
1394743910350692363
1394743914725220352
1394743928742502401
1394743930617569283
1394743958706737158
1394743959801323522
1394743979233710082
1394744039052910598
1394744043763023875
1394744074054389764
1394744088549724162
1394744107982073863
1394744114734841857
1394744145122525186
1394744150164135936
1394744155272880133
1394744156174569473
1394744210801242115
1394744217381990400
1394744265419411467
1394744280611164163
1394744312596926469
1394744339331309569
1394744345182490627
1394744346210050051
1394744346935762949
1394744347296473088
1394744369840807937
1394744423888601090
1394744441995505672
1394744462954356738
1394744469233225728
1394744475147067392
1394744518130343936
1394744527143976966
1394744535960506371
1394744553836531716
1394729499770560512
1394729500596969474
1394729501897203718
1394729503197261824
1394729506024402954
1394729552019169290
1394729588853559298
1394729641760509955
1394729647754055681
1394729665231736841
1394729691420971011
1394729757867118610
1394729768268992515
1394729772404596751
1394729889543118850
1394729936615661569
1394730015913299972
1394730027950825477
1394730034070425603
1394730040504373249
1394730060699951106
1394730149183172616
1394730196176052230
1394730204598263809
1394730510384091139
1394730512879607821
1394730535268671488
1394730554638147585
1394730728169037830
1394730756107161602
1394730820213121026
1394730839368343554
1394730872314765313
1394730930808315906
1394730975557562370
1394730990447349760
1394731071539924992
1394731091185913856
1394731137197555716
1394731139135418372
1394731242411773954
1394731278348341250
1394731321071648768
1394731399203147780
1394731437320851457
1394731449249681409
1394731457407504386
1394731462298066944
1394731497714851844
1394731515351810052
1394731538634313733
1394731599359524864
1394731775759372292
1394731776879251457
1394731780037562370
1394731794369441792
1394731898749046786
1394731956743639045
1394731958698078208
1394731982815473671
1394732033797234694
1394732146410020873
1394732150243483648
1394732187837243397
1394732195919564800
1394732199052709899
1394732259702312962
1394732279788883977
1394732314618474500
1394732362089574408
1394732364706861056
1394732374638825473
1394732382171848705
1394732393769144328
1394732395211931657
1394732404930121740
1394732458248003584
1394732494151290883
1394732496307187712
1394732548496973825
1394732570676547589
1394732606407720969
1394732644009656321
1394732646182400000
1394732671817768962
1394732744266043393
1394732771491213314
1394732814893989891
1394732832686329856
1394732894485159946
1394732899501363200
1394732924197539842
1394732925875232770
1394732949367627779
1394732967206035457
1394733076668981256
1394733124072787977
1394733135212990468
1394733142897045508
1394733154720698376
1394733181484650500
1394733243690151937
1394733253978992644
1394733256873029634
1394733275436916736
1394733284693839873
1394733294621794307
1394733297561915394
1394733304683896832
1394733305505931264
1394733320718725124
1394733345326702592
1394733415400972300
1394733436246560773
1394733441363677189
1394733485701558276
1394733489988292611
1394733551384416263
1394733560553218056
1394733597769166850
1394733599425970176
1394733651833679872
1394733678245208065
1394733733203300360
1394733750194479114
1394733816904880133
1394733827256369153
1394733858877149190
1394733874987638791
1394733939168841736
1394733963390951424
1394734115207868417
1394734161378746368
1394734164696465410
1394734241003589632
1394734367084269570
1394734609632534530
1394734633904861187
1394734706835480577
1394734724355141637
1394734804537593857
1394734849055932416
1394734932023554053
1394734952571412483
1394734990345359364
1394735159195447296
1394735207626940419
1394735266821181444
1394735362455613440
1394735392570683396
1394735393174560768
1394735397255720968
1394735476968509447
1394735500955721730
1394735619499122688
1394735621701263369
1394735691511205893
1394735800059826181
1394735800143781892
1394735902291808259
1394735929730949121
1394735955127513094
1394735997498363911
1394736028628439041
1394736037218357248
1394736042880606208
1394736173499789318
1394736204822765570
1394736271549861891
1394736290579484672
1394736324561842178
1394736402043179012
1394736415326580744
1394736445542260742
1394736499745181699
1394736534687997963
1394736593429270534
1394736645019107329
1394736657140682758
1394736665676161031
1394736754888904708
1394736808768905217
1394736844412174336
1394736869066301444
1394736887055716352
1394736908400484360
1394736911957233669
1394737044698505217
1394737049412898818
1394737052177117189
1394737059923890180
1394737083575672833
1394737087908352001
1394737330771042306
1394737380414967812
1394737391492083717
1394737398379057155
1394737441349660680
1394737512275488773
1394737546760970244
1394737594777444354
1394737618215182337
1394737655213133830
1394737769436663821
1394737882557042688
1394737927968727043
1394738050811502600
1394738297549819904
1394738308127752192
1394738362762866692
1394738377078018052
1394738387739942914
1394738444618850306
1394738459592507397
1394738637095542784
1394738644385255427
1394738727373713409
1394738754351366145
1394738814330064900
1394738821774946309
1394738858990968841
1394738886014914560
1394738908840304644
1394738928276570113
1394739009537155080
1394739012187955200
1394739057545076736
1394739173567909888
1394739176243859465
1394739450387783684
1394739479936647171
1394739538791120898
1394739546416238594
1394739564602929153
1394739566150565891
1394739578003668996
1394739578007953413
1394739844098756611
1394739994770624512
1394740032230014984
1394740067315367940
1394740118578155522
1394740139750998018
1394740181660487692
1394740202489384964
1394740221477113856
1394740279928836107
1394740310526230529
1394740359645863936
1394740364511154176
1394740472199929869
1394740507855687682
1394740536897069056
1394740554727055367
1394740632875327493
1394740679578984451
1394740688198250501
1394740760973619206
1394740799171072000
1394740808880771073
1394740865038442498
1394740910106234881
1394740950354771969
1394741088628494337
1394741092944334849
1394741120727322625
1394741196568752128
1394741203460104192
1394741282484928513
1394741292953911297
1394741496738365441
1394741497417850888
1394741504602775554
1394741520322891778
1394741542137565184
1394741550832398339
1394741597355528193
1394741603026210823
1394741637830615040
1394741689894543368
1394741768739074049
1394741787009425414
1394741833369112577
1394741972187992066
1394742174395379721
1394742249909587971
1394742258419879941
1394742271732506624
1394742311184216069
1394742311964250126
1394742415685210117
1394742723731607555
1394742916350894085
1394742935384645633
1394743012857552898
1394743043278794754
1394743085335293970
1394743124589694978
1394743128205189124
1394743169422479361
1394743172228698114
1394743215102873608
1394743278298337284
1394743329087266822
1394743511493271554
1394743549086732292
1394743553050435591
1394743586349068289
1394743590811840515
1394743645450952716
1394743678736822275
1394743800975687680
1394743820705804294
1394743866742484996
1394743954596319236
1394744026532884489
1394744140772954115
1394744169311125505
1394744347577536514
1394744370188935174
1394744440078716936
1394744561734406145
1394744596870180864
1394729505722445827
1394729529604706305
1394729530607144960
1394729552249753611
1394729578128715779
1394729585024110593
1394729591223238659
1394729593462997002
1394729594532552704
1394729594536828941
1394729643673100289
1394729661146574852
1394729733166936070
1394729762728329223
1394729801706098690
1394729810589634570
1394729845796610050
1394729896266633216
1394729950054260737
1394729966621843460
1394729968651980805
1394729969264300033
1394730003347165188
1394730018845118466
1394730043482456067
1394730044463878145
1394730074184851456
1394730086188785665
1394730168975904774
1394730222080065536
1394730275171491841
1394730281987411973
1394731218349039623
1394731227551354881
1394731227782033408
1394731233935040528
1394731236002701312
1394731248124272641
1394731248124321793
1394731262544420864
1394731262775074820
1394731382140702722
1394731398381060097
1394731408296394754
1394731423102210048
1394731433571328002
1394731471047385090
1394731486193061893
1394731529482522630
1394731605655130112
1394731667940646912
1394731691114119176
1394731704779169798
1394731709116071943
1394731719870214147
1394731722395189249
1394731788556292098
1394731821569613835
1394731865878241280
1394731893329858560
1394731895347417090
1394731899780796417
1394731909465448453
1394731916117618691
1394731917669453831
1394731934455058432
1394731945116979203
1394731945129439235
1394731984795099143
1394731985373908994
1394731987638890496
1394731994899046402
1394732011080851459
1394732011898630146
1394732012230033409
1394732032853299201
1394732040210329601
1394732080412733446
1394732082824364039
1394732101396832262
1394732101585424386
1394732106954285058
1394732115292475394
1394732124788379649
1394732134066176000
1394732141498482689
1394732175363354629
1394732208716398592
1394732233034973184
1394732315528531970
1394732375439982592
1394732477764325377
1394732492796616707
1394732494205882373
1394732497183940618
1394732519640031232
1394732550858280960
1394732611591839744
1394732706123165696
1394732731268014086
1394732740881395719
1394732744211587074
1394732748179451905
1394732771453636613
1394732771461926912
1394732782216167424
1394732789442957317
1394732794329325571
1394732805112872969
1394732826801676292
1394732950722424832
1394732981667778560
1394732984985661443
1394733000219406339
1394733008213745665
1394733023195799554
1394733023917187073
1394733157757358080
1394733207094956033
1394733217471770630
1394733264556990468
1394733275051171841
1394733275382304769
1394733289278214149
1394733292335865858
1394733308764987405
1394733314439798790
1394733317895950339
1394733320131461121
1394733361436975111
1394733362602905600
1394733413182185475
1394733425232289793
1394733507637878784
1394733516907327489
1394733613971877890
1394733622016548869
1394733626970025995
1394733637610975238
1394733638286204928
1394733647173808129
1394733650588192771
1394733682234118147
1394733689788112897
1394733779055517697
1394733799150346243
1394733810986651648
1394733814979649538
1394733848483741698
1394733851369361409
1394733857409277961
1394733872789684224
1394733997285167104
1394734029858017286
1394734058563854341
1394734070807023626
1394734184279728134
1394734197475004417
1394734228735148032
1394734247110483972
1394734264009232396
1394734304626978817
1394734993977446403
1394735017121783808
1394735017465729025
1394735029452824576
1394735031336284165
1394735032724594691
1394735036793036803
1394735040815378438
1394735108909830144
1394735123052974080
1394735134189006860
1394735155626057733
1394735187683069956
1394735196155547649
1394735261007990785
1394735263478341632
1394735277411864580
1394735293157232640
1394735297129324556
1394735311754866690
1394735315630366724
1394735372790222849
1394735423654613001
1394735425407918088
1394735480533667840
1394735502239088644
1394735513635102728
1394735524926083080
1394735539664916484
1394735544719007747
1394735552113610755
1394735554105851907
1394735558434463745
1394735630291177478
1394735634741346311
1394735635362050050
1394735748478382085
1394735781370019842
1394735788043251713
1394735791419633666
1394735832116903938
1394735841843548164
1394735864496889856
1394735885535559683
1394735901419479041
1394735905647251457
1394735911347363844
1394736043107053572
1394736073146834959
1394736080084160512
1394736095917756426
1394736106839715846
1394736143577624582
1394736164892991500
1394736168626008070
1394736228721778692
1394736237555200008
1394736272913010691
1394736278986440704
1394736294895308800
1394736318136082434
1394736330131787777
1394736341276037125
1394736353707974659
1394736377019916288
1394736427921858563
1394736470544486400
1394736475904819204
1394736518464524289
1394736523669561349
1394736543005347857
1394736546155319297
1394736548940292099
1394736552870359041
1394736561028276230
1394736571878944771
1394736577176383488
1394736621216542721
1394736649192488960
1394736657195159552
1394736671636197383
1394736704016293894
1394736708420345864
1394736729333108741
1394736763919347713
1394736777651425286
1394736871935184906
1394736881003286533
1394736888725098507
1394736890314727431
1394736908513816584
1394736919423107075
1394736939727732737
1394736957994016785
1394737077292568583
1394737105121824770
1394737105641877507
1394737116962304001
1394737130908405765
1394737178627002380
1394737194137436162
1394737231475183623
1394737292347166721
1394737350207488001
1394737350878576642
1394737358705201157
1394737395740942339
1394737399394078729
1394737427789631489
1394737447913803789
1394737495951253505
1394737529077764099
1394737577387823109
1394737596115345419
1394737618244407298
1394737622719909896
1394737625475473408
1394737631469129729
1394737674234236929
1394737730836254721
1394737749136187398
1394737763199725568
1394737788436848647
1394737790756311045
1394737805201399812
1394737829603946498
1394737863984517125
1394737930460086279
1394738040996651008
1394738058004738049
1394738064250085383
1394738080750489609
1394738122274050060
1394738820537520132
1394738854381461513
1394738877382922242
1394738888959303683
1394738914452250625
1394738915811205127
1394738917505749001
1394738918344380416
1394738991375831048
1394739007473528834
1394739011441340423
1394739016684167168
1394739026972844036
1394739031855017987
1394739036410060801
1394739047789207558
1394739063106715651
1394739067305201668
1394739084166324234
1394739085646893059
1394739117498449929
1394739117796335619
1394739142123085825
1394739145159974912
1394739216706412550
1394739249451241473
1394739294569484289
1394739306166726657
1394739308943355909
1394739323510087685
1394739345987358721
1394739362559053824
1394739383962673153
1394739386256969734
1394739400383238144
1394739405676453889
1394739439985995779
1394739443962204169
1394739464065503235
1394739529379102720
1394739533288255491
1394739559506890758
1394739566188408833
1394739566284709892
1394739574270697472
1394739603165351949
1394739611700764679
1394739628058595331
1394739656621703170
1394739697868414979
1394739721192894465
1394739738188341249
1394739747860451328
1394739757695913984
1394739757759045638
1394739778495651841
1394739780349480960
1394739786519400454
1394739796526862336
1394739815103483912
1394739853691064321
1394739854660055043
1394739868308283392
1394739873978978306
1394739880450617347
1394739889258729475
1394739891448303616
1394739891544670210
1394739903984979970
1394739926789500931
1394739971496497157
1394739998667247616
1394740013770891266
1394740041839218693
1394740043969871875
1394740044804538369
1394740094863433729
1394740161628540931
1394740184760131595
1394740218641649665
1394740232176734212
1394740254259691520
1394740260203077637
1394740267031347200
1394740268688199683
1394740279501070336
1394740371473715210
1394740392696766466
1394740395263762433
1394740405447577601
1394740425907396622
1394740451215912966
1394740461101752320
1394740481708511240
1394740494228410371
1394740501450997763
1394740510460456965
1394740569906180098
1394740608011485190
1394740620586061828
1394740647991693316
1394740650596306948
1394740657311338500
1394740662759739396
1394740667755245574
1394740669835587590
1394740670015942664
1394740686105157637
1394740688315719682
1394740705189371907
1394740738903117829
1394740744389333001
1394740760264597507
1394740818595000322
1394740860789665796
1394740888312627203
1394740899775721475
1394740931790790658
1394740931857891332
1394740936744345611
1394740946630291461
1394740978162995204
1394740999310647296
1394741003723186181
1394741053018808323
1394741054230892545
1394741061445058561
1394741066075680774
1394741076196433920
1394741098778710018
1394741113416818689
1394741138028843009
1394741205917896710
1394741254165045249
1394741280685674499
1394741301036261376
1394741328358019074
1394741342673281028
1394741342933295107
1394741361824485379
1394741472193359875
1394741492808392710
1394741506725060611
1394741531651760139
1394741541432815616
1394741541592354828
1394741552791101444
1394741554850549760
1394741562001788929
1394741600262234112
1394741600987779072
1394741639525146625
1394741655199047683
1394741691228299275
1394741770672607238
1394741987568410630
1394742601480278017
1394742615656988674
1394742656819818496
1394742681050435588
1394742683051204609
1394742687115399179
1394742724318932994
1394742724608217088
1394742756396998658
1394742774713528323
1394742799828852737
1394742801624178693
1394742838647304195
1394742840790499331
1394742842891907073
1394742866157658117
1394742891495378945
1394742907219873800
1394743006054518787
1394743038300225536
1394743078355881986
1394743082944454656
1394743089412001792
1394743111876857862
1394743135658409984
1394743156755808257
1394743219183755266
1394743220752588802
1394743269196767233
1394743298355613699
1394743309189500936
1394743340697010178
1394743363363123206
1394743372070412289
1394743374347919362
1394743379515166723
1394743383562805254
1394743385966190592
1394743394048565249
1394743427066073092
1394743464995299328
1394743466941460487
1394743488734908416
1394743510662885379
1394743592778747904
1394743615419715588
1394743651394277380
1394743661435441152
1394743661712314371
1394743672927883267
1394743694633299968
1394743763357028356
1394743774690136066
1394743776162287617
1394743777055682561
1394743781539422209
1394743787700768779
1394743809007919121
1394743834119131142
1394743856013381632
1394743881049202692
1394743896647905280
1394743899130929157
1394743908958183425
1394743934560178177
1394744026595618818
1394744036922122240
1394744042504785921
1394744044966711296
1394744145957117955
1394744157143449604
1394744160599613440
1394744183068532743
1394744213854687235
1394744216228700161
1394744227809177606
1394744235623059456
1394744257223839747
1394744257777446913
1394744265314607108
1394744280959307776
1394744342066065408
1394744368532238338
1394744378132860929
1394744447821361158
1394744457262735364
1394744480918642689
1394744481392455681
1394744484231925760
1394744488145440780
1394744492339630093
1394744493581209600
1394744535557853186
1394729589977518090
1394731941585326080
1394732031729340420
1394732077497585671
1394732587155922956
1394732616893571080
1394733310669115401
1394733365262127109
1394734917750247425
1394734923920011266
1394735802991747078
1394736017882632196
1394736048341725184
1394738458510479366
1394738790590263301
1394739232288149506
1394739497808629761
1394739589403795467
1394740014425120774
1394740604668682242
1394740622938968066
1394740651921743885
1394740754820521988
1394740840011079680
1394741030348599301
1394742499109969924
1394743242982313996
1394743846752370692
1394744096749621248
1394744190093910017
1394744254275231744
1394744326245126144
1394744370474127362
1394744380418887680
1394729542544150533
1394729790763114503
1394731973428514816
1394732704042676227
1394736278042812422
1394738727965052929
1394739557413920775
1394729504661200903
1394729504984080388
1394729509354708999
1394729514786242563
1394729517290192896
1394729530749853696
1394729544939016192
1394729586563457031
1394729590132776961
1394729591302807556
1394729599007739905
1394729601419599877
1394729611179839491
1394729631627071495
1394731107170488321
1394731127676538883
1394731130688098304
1394731138992717825
1394731162032037889
1394731167300128768
1394731244961746946
1394731253136429060
1394731271666946056
1394731284493127685
1394731287018016768
1394731298254737416
1394731315535224834
1394731324691394572
1394731372007370754
1394731391653486595
1394731399693930497
1394731410133504001
1394731411941244932
1394731420136914945
1394731436922609670
1394731439812489219
1394731462977540098
1394731518866558978
1394731535694274567
1394731541104717826
1394731541725650944
1394731555143262208
1394731579994378243
1394731611338330121
1394731614920445952
1394731630284075011
1394731686647287813
1394731698760429568
1394731706033311746
1394731708319035396
1394731714526724098
1394731722458140673
1394731735871524864
1394731740271366146
1394731747967787008
1394731752854212610
1394731761599492096
1394731764560637956
1394731777739173889
1394731789294268416
1394731792431816707
1394731820319711234
1394731824987901960
1394731833930231818
1394731870890385417
1394731905459830786
1394731925261193216
1394731940310257665
1394731969355862025
1394731995561873412
1394731996753051653
1394732012888596485
1394732023261110275
1394732024334884878
1394732024452292611
1394732034573180934
1394732035114029056
1394732074884599809
1394732102533500929
1394732133915189254
1394732135441960962
1394732136486293508
1394732147366240256
1394732229595525124
1394732263783469063
1394732308272324610
1394732339146723332
1394732347833131010
1394732374701772805
1394732380523532294
1394732409485205505
1394732423129276416
1394732460022325248
1394732473377034249
1394732496433160197
1394732507304808452
1394732548975169541
1394732566566121479
1394732595640946695
1394732599424208904
1394732605501624321
1394732623176601602
1394732637781172224
1394732647742541824
1394732656999374848
1394732660740739072
1394732675924176898
1394732678214307841
1394732692009328642
1394732733088342025
1394732740008808448
1394732756379262980
1394732770396721152
1394732783520686083
1394732789543673862
1394732799119314955
1394732805851172867
1394732850902028290
1394732854601568266
1394732895852498954
1394732910922461186
1394732915662020609
1394732941436096513
1394732963951222787
1394732968090996739
1394732995009974272
1394733077096800257
1394733164711530496
1394733169841041408
1394733188308688898
1394733226682368001
1394733232738947073
1394733244944461826
1394733253106470914
1394733275332108301
1394733300548177920
1394733305602445313
1394733312749408256
1394733323910533120
1394733324833280001
1394733338200395776
1394734709503053827
1394734769083199493
1394734777052315660
1394734810225119237
1394734852809936896
1394734860225318913
1394734874469314563
1394734907390402561
1394734981943947264
1394735011966947331
1394735064987095049
1394735071916007427
1394735096373121034
1394735097727754241
1394735157387702272
1394735172495499265
1394735215600447491
1394735245501497344
1394735271908839425
1394735273079152647
1394735310731456519
1394735370273701906
1394735377127153665
1394735381560500225
1394735382353399815
1394735382629994498
1394735388061749256
1394735411247783937
1394735426133401603
1394735448724021262
1394735474141454337
1394735480344748034
1394735481825501184
1394735493456224256
1394735543183831040
1394735582631415808
1394735585357598723
1394735626205990918
1394735665116434432
1394735714990964747
1394735749036191752
1394735802937053184
1394735806967795712
1394735823069892615
1394735880405872642
1394735913939345409
1394735919966527491
1394735959799906310
1394735968087724032
1394735995954909186
1394735997632536584
1394736094005055491
1394736101336698884
1394736109159071746
1394736145401999364
1394736146337382402
1394736173143183361
1394736187592503298
1394736195351977986
1394736229414019072
1394736247176941570
1394736260913278985
1394736313933340672
1394736346518855680
1394736390496268293
1394736405373411333
1394736407328010249
1394736416618422272
1394736437816434694
1394736471945322502
1394736493399314441
1394736509316734985
1394736550919897089
1394736555911176194
1394736571337826310
1394736598596476929
1394736714216742914
1394736718218207237
1394736776846221322
1394736814544539663
1394736844907048962
1394736873801756673
1394736884358647810
1394736937538400267
1394736944882532353
1394738488428306437
1394738503083126784
1394738515032870920
1394738523010310144
1394738558313840642
1394738593273425926
1394738620192468997
1394738650471149569
1394738659643990018
1394738668619931657
1394738671476219911
1394738672197586946
1394738678744895491
1394738716862685185
1394738717651308551
1394738735963648004
1394738755110506498
1394738792045678597
1394738798102257669
1394738800035864576
1394738821929996288
1394738822026604544
1394738829806997505
1394738837729935360
1394738859733356544
1394738864170827777
1394738881333846017
1394738884639133696
1394738892427841537
1394738895619649536
1394738926477139971
1394738946219905025
1394738967828893713
1394739023218765827
1394739063177973760
1394739088897490948
1394739098171056133
1394739115011166208
1394739121533308928
1394739128785416192
1394739162276933641
1394739162872385536
1394739207176916999
1394739222414643203
1394739250264903681
1394739261430243331
1394739268661092355
1394739275418148866
1394739278563868674
1394739285752963075
1394739286251954177
1394739293575258114
1394739309513609216
1394739309673070603
1394739310985891843
1394739348277366785
1394739404451639301
1394739413251465222
1394739461523640324
1394739468905680897
1394739508864815104
1394739520369725442
1394739524790538247
1394739588753727494
1394739646630744066
1394739669598973957
1394739722686287882
1394739736334454785
1394739738188292096
1394739752365080587
1394739768374611972
1394739769595236352
1394739775781838848
1394739786380939274
1394739792286404610
1394739811429142529
1394739879725121536
1394739883051257866
1394739900545736705
1394739993818632192
1394740049938460678
1394740062047203330
1394740090027577351
1394740159799693314
1394740188186767361
1394740195090644994
1394740260261617664
1394740274593734659
1394740311331586048
1394740331887792128
1394740342822301696
1394740398900269064
1394740399135207430
1394740401253322754
1394740415308382214
1394740422413406210
1394740427320795138
1394740437668089857
1394740515132739585
1394740567121088512
1394740677192208384
1394740698339975168
1394740701859037192
1394740702383382532
1394740736667619331
1394740770163380224
1394740827096719360
1394740829038813188
1394740861624365057
1394740871136960517
1394740877533327365
1394740912232837124
1394740962904055811
1394740971829485572
1394740973171847171
1394740994390827008
1394741046790209538
1394741094471118850
1394741097625161730
1394742529044619264
1394742539521986560
1394742551069007872
1394742574460686338
1394742585932095494
1394742610887987200
1394742611085246466
1394742619427811338
1394742647563067394
1394742682120073219
1394742688058990594
1394742712545419264
1394742747131781120
1394742794099568642
1394742852937084931
1394742949116776452
1394742963608055808
1394742992464801792
1394743002103418888
1394743003873435650
1394743032566669318
1394743044348555268
1394743058638544896
1394743069933588480
1394743104574525446
1394743140842708995
1394743148971184138
1394743190465306625
1394743232446275590
1394743277086076928
1394743280584306695
1394743303371988992
1394743324112613379
1394743338897657860
1394743409047347202
1394743421420638208
1394743445827342340
1394743454752657410
1394743503360389124
1394743510935515140
1394743555680202752
1394743568883912720
1394743623988695043
1394743707048493059
1394743763679989767
1394743781199654913
1394743804557676547
1394743818214281216
1394743832479248391
1394743842436526084
1394743867203805187
1394743880285839365
1394743932064571403
1394743953027649545
1394744030639099911
1394744063224655880
1394744092651712518
1394744107759595522
1394744144778645513
1394744178228174850
1394744195370438660
1394744196876042241
1394744232481546240
1394744257693421568
1394744262340890625
1394744337141952512
1394744349855043589
1394744363079585796
1394744422261219333
1394744486568284167
1394744497284784131
1394744509066629126
1394744534559506432
1394744544957243393
1394744548400713734
1394744578515914755
1394744585621057544
1394744590272446465
1394744596027084803
1394729671233835008
1394729782974337029
1394729857720807425
1394729978344923137
1394730064575700993
1394730390900850690
1394730519544352768
1394730602415407106
1394730662259736579
1394731149688254467
1394731317271666691
1394731939215593482
1394731944051724291
1394732016474624001
1394732274940354564
1394732498047881216
1394732831650291716
1394733078262665219
1394733274593902596
1394733616429735940
1394733675158413314
1394734031837798404
1394734542334742528
1394734578888323074
1394734630482464775
1394734741916688398
1394734768462438403
1394734828319387657
1394735068858535947
1394735623588696071
1394735689850400770
1394735763003150339
1394735979207041029
1394736635007352832
1394736900645212163
1394736931397898249
1394737051778666503
1394737257710555138
1394737303353020419
1394737414019629061
1394738136404561920
1394738137004400650
1394738184240705543
1394738207594516484
1394738622985818112
1394738738316644353
1394738747598675976
1394739083793084421
1394739470159814660
1394739553613791237
1394739769809248256
1394740193790410771
1394740595575468034
1394740906767572992
1394741023604199426
1394741071310118916
1394741606734077955
1394741665496190978
1394741983789342720
1394742038973853697
1394742082615627776
1394742232897495053
1394742388707442693
1394742620300185602
1394743069833113607
1394743687813472259
1394743724568158213
1394743896132001792
1394744092664467456
1394744152643022851
1394744576980799498
