tweet_id
1428401376690950145
1428401379207389190
1428401391740071938
1428401392696406021
1428401394424467456
1428401401881825283
1428401405581139970
1428401410362773510
1428401427886579719
1428401451517288449
1428401464725151751
1428401480827088899
1428401484824252424
1428401506072551432
1428401516256415755
1428401520110866445
1428401521461538832
1428401571637960712
1428401572510375947
1428401593095839745
1428401609982218248
1428401613882986503
1428401614013046803
1428401622007287823
1428401627501846536
1428401629368356864
1428401638390341634
1428401645839388672
1428401652969742338
1428401653330362371
1428401660825640963
1428401670526963716
1428401680564039680
1428401686905774084
1428401689934147585
1428401698599444482
1428401710704336899
1428401717155090433
1428401722645434370
1428401743889588229
1428401745403731988
1428401748948004871
1428401761555996680
1428401790236692482
1428401809618620417
1428401815394164744
1428401835522461702
1428401868359798788
1428401872717680642
1428401876006055940
1428401882498801665
1428401886797996034
1428401888530075650
1428401905064153088
1428401908247576582
1428401916027998211
1428401934952763402
1428401935128961025
1428401936890466307
1428401947397214210
1428401948945010688
1428401952296214530
1428401969555718145
1428401971237642244
1428401974026936320
1428401982541344770
1428401987557728256
1428402005329039365
1428402026770227200
1428402041286799375
1428402057342500865
1428402059351560207
1428402067815682048
1428402068272730117
1428402073310306309
1428402076804124672
1428402077152198664
1428402084467068934
1428402091555491848
1428402104956329986
1428402106348736515
1428402118948425735
1428402135478243335
1428402136140947466
1428402139437621249
1428402144558862341
1428402152704249858
1428402158995640323
1428402159356317697
1428402163097735168
1428402173596012549
1428402213269950474
1428402230227611648
1428402230688878593
1428402230697369611
1428402234426068997
1428402262771109897
1428402264839008266
1428402291309174786
1428402303959240704
1428402324733677571
1428402328512700416
1428402331570343943
1428402342588727297
1428402344270704645
1428402356807294980
1428402406153494530
1428402410540703749
1428402435777728513
1428402452630548488
1428402456699015170
1428402457139367941
1428402462197682185
1428402468921253893
1428402474273189888
1428402488454041602
1428402515717001221
1428402543072366596
1428402554564657163
1428402567046967299
1428402572411428880
1428402595626881025
1428402607450640389
1428402616468484102
1428402620151046153
1428402624668348416
1428402627163959299
1428402629844119553
1428402630951202823
1428402640053063686
1428402640065552384
1428402654032666629
1428402666485559296
1428402696801955850
1428402713201631236
1428402728905187344
1428402734835847170
1428402737352429569
1428402741441859584
1428402750283390984
1428402774975213570
1428402780625154049
1428402787130425353
1428402797666504704
1428402817400819712
1428402840188370946
1428402855354982401
1428402859310297099
1428402862996951047
1428402890352246791
1428402897419739143
1428402901173608448
1428402906928074759
1428402913949327363
1428402926616293377
1428402937093558274
1428402956018372624
1428402981184045059
1428402981746118666
1428402982958379011
1428402998229749768
1428403004059836420
1428403012100317185
1428403013366976519
1428403024511344643
1428403048905199618
1428403060565495817
1428403067112751117
1428403107487227906
1428403114307162117
1428403131121946625
1428403146355773448
1428403149899976709
1428403180669390858
1428403180702892033
1428403185945759745
1428403194191831049
1428403229268774920
1428403235858132998
1428403238743592962
1428403242543640580
1428403246436077573
1428403249695141894
1428403249783136261
1428403277763383296
1428403299305377796
1428403304644632584
1428403309006794755
1428403321757310982
1428403323028262925
1428403326920630277
1428403328434810885
1428403382750941185
1428403395853959168
1428403415344889857
1428403424475942915
1428403442557636610
1428403468524470274
1428403485855322113
1428403496441860099
1428403496655671299
1428403497909751811
1428403499344273428
1428403500153675777
1428403520126980103
1428403520982720519
1428403527165022213
1428403527878012933
1428403531678052352
1428403537638158338
1428403541278855170
1428403542058889223
1428403546194591752
1428403561260625929
1428403568353099779
1428403570982981635
1428403585172348928
1428403590029250561
1428403591337893897
1428403592843743234
1428403605233623047
1428403609813782530
1428403635776544770
1428403636137304064
1428403637877940231
1428403638947524612
1428403639454941186
1428403642181328901
1428403652541177860
1428403654227283971
1428403657511366656
1428403658878865414
1428403658971140097
1428403660158119940
1428403667124822021
1428403669704364032
1428403674993381377
1428403675718897669
1428403678252257296
1428403682584973313
1428403684912754694
1428403686666031109
1428403702214299651
1428403705712242695
1428403710229729280
1428403722208559105
1428403722435141636
1428403745352830985
1428403746250403840
1428403753779179525
1428403772775014400
1428403776151556097
1428403781981675527
1428403782950346757
1428403815502340099
1428403823811260425
1428403826856546311
1428403829033345031
1428403829310115840
1428403837459697666
1428403840437694470
1428403842522263558
1428403847056199684
1428403850483019783
1428403850847850503
1428403863736967180
1428403864017981440
1428403867268550657
1428403868707303439
1428403872901566469
1428403876680462341
1428403889062256644
1428403891599822852
1428403892446957573
1428403893101334528
1428403898776227854
1428403904748789761
1428403912353140742
1428403921970778121
1428403927914065928
1428403938043256842
1428403945630846978
1428403958926741512
1428403960075927554
1428403960239562755
1428403976752533510
1428403978891579399
1428403993110327299
1428403994947473408
1428404003646357513
1428404009556119570
1428404014845202433
1428404022248185865
1428404033564389383
1428404038660329473
1428404047023796225
1428404060953141252
1428404070935576582
1428404081731719170
1428404086815301635
1428404087335395331
1428404093467365377
1428404094574735369
1428404096256528386
1428404098798432256
1428404107145105413
1428404111305814020
1428404116959731715
1428404123926421509
1428404140644847622
1428404157308866561
1428404162967097345
1428404174182617090
1428404183414280192
1428404193774084098
1428404199092592642
1428404201856643078
1428404210928820225
1428404220072505360
1428404221125275650
1428404227886419978
1428404234198913029
1428404235075522563
1428404236216381448
1428404240788066308
1428404248509927424
1428404248983871491
1428404260891500549
1428404296530468864
1428404298887663627
1428404301865566211
1428404304600240134
1428404310963068937
1428404313802543104
1428404321746554887
1428404322836959242
1428404323776618503
1428404330273595392
1428404336577728513
1428404341677903879
1428404353749106700
1428404368135671808
1428404383851683849
1428404388633055234
1428404390898114561
1428404391845969928
1428404392307281920
1428404396136804355
1428404397009252359
1428404401295740928
1428404408430235650
1428404426377678860
1428404446405476358
1428404451170299904
1428404452847931393
1428404453070163983
1428404455477760004
1428404466823438346
1428404473710403586
1428404479964155905
1428404489791356933
1428404493297856512
1428404505071267851
1428404509215232001
1428404518149099525
1428404522477568015
1428404523182272522
1428404523861676043
1428404533458309127
1428404537442934785
1428404543713316874
1428404546141884417
1428404555310632967
1428404564328321031
1428404574482743296
1428404582196158465
1428404599019479044
1428404599183003659
1428404617633832966
1428404630870974468
1428404641491034123
1428404649137221638
1428404649627983875
1428404652282834944
1428404658150776833
1428404659170025482
1428404661250363392
1428404662458327046
1428404667940327428
1428404668619706371
1428404672981868550
1428404678233137158
1428404681768722435
1428404685854191617
1428404690094600208
1428404706322362374
1428404711779151872
1428404712508907520
1428404720268451843
1428404721354690564
1428404724370395140
1428404728086601735
1428404729990852613
1428404741076230150
1428404770130350081
1428404777537449986
1428404786332901380
1428404796797591554
1428404811217707018
1428404813679693830
1428404819782426634
1428404830691860644
1428404833644593156
1428404834835779585
1428404841777287169
1428404842364510208
1428404843958444039
1428404845782966275
1428404855132065794
1428404874098642947
1428404879433863172
1428404887461707784
1428404890448105476
1428404899708997632
1428404909171425283
1428404911071453185
1428404912023539720
1428404916213583873
1428404916519804931
1428404916570099717
1428404916599459840
1428404916993675266
1428404917052461058
1428404918302482444
1428404919527256066
1428404924853932033
1428404925923528704
1428404927882305537
1428404928725258249
1428404951181582337
1428404963697336320
1428404965538676740
1428404970756378633
1428404978452926471
1428404999269220354
1428405006412156928
1428405027136213006
1428405027962384385
1428405037768794115
1428405041069658114
1428405041120137218
1428405042466394121
1428405052717293575
1428405069523734533
1428405084610830336
1428405084812099585
1428405089459482627
1428405090864541698
1428405124641304584
1428405150499184646
1428405169767727112
1428405175891398656
1428405191561383940
1428405200860155914
1428405204689506316
1428405207474573312
1428405223303913477
1428405241653964807
1428405255507779586
1428405259492335622
1428405264361865224
1428405291368943619
1428405321182105603
1428405324256526346
1428405328157331469
1428405335753175044
1428405343340609541
1428405346574417924
1428405348872896513
1428405350450049026
1428405382083321868
1428405389360513033
1428405403956748292
1428405405403779077
1428405406326530052
1428405425800728579
1428405427054784512
1428405427243569157
1428405431899238403
1428405446113693704
1428405457815842826
1428405463150956550
1428405463859830789
1428405469635350528
1428405474790199299
1428405499314180098
1428405505123229697
1428405518423531527
1428405523704172547
1428405524983283719
1428405528871514114
1428405528968011785
1428405536295378950
1428405548601520128
1428405571057815553
1428405576862687236
1428405582055280640
1428405582546014209
1428405594772459522
1428405608244342785
1428405608571604995
1428405609448321043
1428405612665245704
1428405613969739781
1428405614087184390
1428405614921715712
1428405619061571586
1428405626821033984
1428405629429895170
1428405633053863937
1428405635893313539
1428405636430172163
1428405641710800897
1428405645565300739
1428405645733109764
1428405650653126666
1428405655707308037
1428405667547734020
1428405669410086918
1428405670206976007
1428405670269755393
1428405678738186240
1428405684069097484
1428405687378497552
1428405695393697800
1428405696589139976
1428405699214811141
1428405735092854792
1428405740767793152
1428405757943468035
1428405761739198467
1428405770937245699
1428405776855535617
1428405784963059721
1428405786083045377
1428405786913431553
1428405788704448514
1428405793192398854
1428405793326571521
1428405797843787778
1428405807222251520
1428405820027547651
1428405821151404035
1428405825589153793
1428405832656506890
1428405832723611651
1428405835080863754
1428405848389324802
1428405900235182087
1428405907004837896
1428405918585155588
1428405929708503043
1428405934611697668
1428405960503070724
1428405965897019399
1428406018220908555
1428406020657790980
1428406024923398147
1428406027788115973
1428406037455982593
1428406041251926022
1428406049787240448
1428406064714715139
1428406078996459530
1428406081441746951
1428406091235344384
1428406109472186373
1428406136462528519
1428406148466630659
1428406150060560390
1428406204733313025
1428406206201274371
1428406206624931853
1428406214384250885
1428406236140167168
1428406242301693956
1428406253697568779
1428406261989748737
1428406263642210305
1428406267354271745
1428406277324091400
1428406299713314822
1428406302389293059
1428406322341552135
1428406325239848969
1428406334102413323
1428406341626957827
1428406367732310020
1428406372668948485
1428406374027907081
1428406376406134794
1428406384496939009
1428406388628234247
1428406396484157441
1428406397805400071
1428406398933741574
1428406404600193025
1428406413852819457
1428406420366561281
1428406428562345985
1428406437227679746
1428406452423647232
1428406460036358149
1428406460451598346
1428406460547993600
1428406504542117890
1428406513463435278
1428406517754118151
1428406528256712713
1428406554605334540
1428406556832436228
1428406562733789186
1428406569658691591
1428406570191409152
1428406581327241218
1428406588751192064
1428406589120294915
1428406595235549191
1428406597542371335
1428406623207411721
1428406626785054720
1428406634821398539
1428406635085635589
1428406648171859979
1428406667905945605
1428406668291940361
1428406681353003016
1428406684167245826
1428406689989025797
1428406731412054016
1428406751053889537
1428406752723312642
1428406771396251652
1428406771832565767
1428406777268379648
1428406778778120193
1428406789440147462
1428406812194263042
1428406815470112780
1428406830359846913
1428406831551066114
1428406853789224964
1428406862190456849
1428406862337224706
1428406877688369157
1428406900404719625
1428406908860309507
1428406913167880196
1428406927302746115
1428406948832104453
1428406954649653253
1428406968771702786
1428406972609597446
1428406984387272707
1428406999209844738
1428407003647549441
1428407016259792899
1428407020370210816
1428407024249933827
1428407036870631431
1428407051353563140
1428407057095475201
1428407062887796744
1428407066725650436
1428407073251921920
1428407077488181248
1428407088443797511
1428407089802579968
1428407094072549388
1428407098199662595
1428407113752121348
1428407117279543300
1428407122316775428
1428407132232331265
1428407144383238147
1428407177790828547
1428407184132542473
1428407190721900553
1428407193745960968
1428407196971413505
1428407199286452233
1428407206890848257
1428407212943233034
1428407227292033024
1428407228340523010
1428407258019516422
1428407289535467521
1428407290906877956
1428407304530153480
1428407305666646017
1428407317016453125
1428407321781325826
1428407323626594304
1428407334758408201
1428407339401584650
1428407340282306562
1428407347899080712
1428407351237881860
1428407355830521858
1428407361534889988
1428407363673935873
1428407364215058443
1428407372687593477
1428407388713885701
1428407389422772227
1428407403100340226
1428407409660157955
1428407410104881156
1428407412189401088
1428407415867912197
1428407419034640390
1428407423870590983
1428407429121859609
1428407431940431877
1428407432271835136
1428407447526445059
1428407457106255875
1428407460323373065
1428407471115284492
1428407474265198603
1428407479054987267
1428407485325447170
1428407487271686146
1428407487309533184
1428407490077761540
1428407496151031811
1428407511971864579
1428407512781541380
1428407528782798856
1428407531592896513
1428407532775788546
1428407536525398018
1428407546944049153
1428407559384444938
1428407575641346049
1428407577856118794
1428407579181527043
1428407585477210120
1428407587641438208
1428407589365338118
1428407594687811590
1428407594809389060
1428407601679589378
1428407603508523010
1428407604980629511
1428407605232164868
1428407605324656643
1428407605605462016
1428407633787199493
1428407636517601287
1428407638325448706
1428407638451232768
1428407647678701571
1428407655199035394
1428407663872909313
1428407663872909317
1428407671472930819
1428407671586185222
1428407676954939392
1428407681023361025
1428407681484791818
1428407682298388480
1428407683984412682
1428407696206618629
1428407697632677897
1428407708152176649
1428407709100036100
1428407713910951944
1428407731136962560
1428407742516105223
1428407742881046530
1428407746009960449
1428407749365444616
1428407751403769859
1428407765484154881
1428407765530206213
1428407765743980546
1428407768101408775
1428407770525614082
1428407777005903873
1428407780617097221
1428407780969390080
1428407784983388166
1428407795808882694
1428407796920324097
1428407805720072194
1428407806290444303
1428407806558969862
1428407809805148162
1428407810077900803
1428407813345267719
1428407816948109315
1428407819464847365
1428407831292751875
1428407833867997186
1428407833880563716
1428407833909923842
1428407840788697094
1428407868844351493
1428407883167850505
1428407886233866250
1428407888662470658
1428407892999348227
1428407915271102466
1428407916990713862
1428407925433905158
1428407925811269637
1428407927212290048
1428407927870795779
1428407932862050305
1428407946342457362
1428407959705509892
1428407968345767943
1428407975618678787
1428407986461069313
1428407990848303112
1428407993452859400
1428407996313341955
1428408000348397570
1428408003699646472
1428408004295249925
1428408008661417986
1428408012776038403
1428408016731353091
1428408018480336897
1428408022636892163
1428408022762758148
1428408023047970819
1428408025551884296
1428408039531556876
1428408040303251468
1428408044954787861
1428408047593037824
1428408048536621059
1428408069222977543
1428408071068557317
1428408073559977993
1428408085425627139
1428408085496975361
1428408085551403010
1428408087195566089
1428408087455621125
1428408089007595530
1428408091339411458
1428408103222091780
1428408106149564417
1428408110213910533
1428408113699475465
1428408115507179521
1428408116769660938
1428408121429569544
1428408122108960776
1428408126970138626
1428408135463677957
1428408144472903685
1428408158611980301
1428408160604278790
1428408167344529410
1428408169290678273
1428408170867736584
1428408173954834443
1428408175158509585
1428408184696356866
1428408184885108738
1428408187582128137
1428408195144355847
1428408196612435969
1428408199871401992
1428408200542384130
1428408216145256449
1428408237863362567
1428408242170961926
1428408243345186823
1428408246642020355
1428408249439694850
1428408254422474752
1428408256893005828
1428408258167967754
1428408266254659584
1428408269798785036
1428408292628369414
1428408295732154371
1428408296290066435
1428408296512397319
1428408304619896833
1428408304812838915
1428408307962810376
1428408319069278211
1428408327462129666
1428408329546739732
1428408332704964613
1428408332881072130
1428408338233143303
1428408345132683271
1428408346244263943
1428408355467501577
1428408356260175874
1428408358223192065
1428408362643886084
1428408364384538636
1428408374887129095
1428408384169123848
1428408389927907337
1428408392415162371
1428408405140639752
1428408406063423490
1428408416419160069
1428408423322951686
1428408425743097859
1428408427676581898
1428408430671417355
1428408434832166914
1428408440515440642
1428408451844149248
1428408453350006786
1428408470395625476
1428408489257406469
1428408489668456460
1428408497830604802
1428408506324029446
1428408518558814212
1428408525668196353
1428408525722636291
1428408531313733636
1428408540365049868
1428408547482742799
1428408549504393218
1428408553396588549
1428408558987661318
1428408559805599754
1428408561839792135
1428408564155043842
1428408570777935872
1428408577568518148
1428408581318221825
1428408585248251907
1428408596769951747
1428408596820336641
1428408597243961348
1428408620211965960
1428408620908269570
1428408622095257609
1428408631943258113
1428408634460020742
1428408636322328576
1428408641942589442
1428408646048825347
1428408653170757633
1428408654341025801
1428408664768106504
1428408666579824641
1428408680756793347
1428408681016840195
1428408681859854338
1428408689124421635
1428408690919579660
1428408692274249729
1428408697521328131
1428408705448509443
1428408728395685889
1428408730643795973
1428408733445545987
1428408745080627208
1428408749908238339
1428408754295345152
1428408759462809600
1428408761228701696
1428408767956328450
1428408773308203012
1428408785744314371
1428408787296301068
1428408791696134154
1428408792153219077
1428408816253685769
1428408822352302084
1428408826596937733
1428408827318255629
1428408829943828481
1428408830464073731
1428408837954932740
1428408838752018432
1428408840366723077
1428408843365720064
1428408850651230208
1428408854908448777
1428408856531640323
1428408861560655881
1428408861602598924
1428408861665468416
1428408861992669191
1428408868703547394
1428408871777837058
1428408872209985537
1428408874533539850
1428408881361952769
1428408882301374477
1428408887191949319
1428408891218579456
1428408896121712644
1428408929873272836
1428408934881185796
1428408937427124224
1428408940254187521
1428408949514985475
1428408960353251332
1428408961645039629
1428408966573400077
1428408978174849024
1428409011955699715
1428409029924118541
1428409098584920068
1428409117190852617
1428409129484406789
1428409132520968199
1428409143648571399
1428409173797003267
1428409186799525897
1428409192398921739
1428409198061228032
1428409210782556163
1428409228289585158
1428409238435545096
1428409244035031050
1428409269347442691
1428409278562512898
1428409281238298625
1428409281334874115
1428409283171864576
1428409287202770951
1428409288582696968
1428409298468679681
1428409304747548686
1428409307947622402
1428409360200441857
1428409374754623494
1428409391137628177
1428409391938670598
1428409404538331137
1428409425476390919
1428409429465178117
1428409437199364099
1428409439946686470
1428409445919432705
1428409448159133706
1428409473668943877
1428409484754530307
1428409517704892416
1428409520242442247
1428409528278822916
1428409529969123335
1428409535065169928
1428409564899291142
1428409579164078086
1428409590752944130
1428409594301329410
1428409606863261696
1428409632922480646
1428409633706856452
1428409638878339078
1428409651834535939
1428409660470607881
1428409660512538629
1428409666585964547
1428409671963009027
1428409682960519177
1428409687846883332
1428409690023727108
1428409706616328199
1428409716829560833
1428409722617700352
1428409733527048200
1428409740514762753
1428409783485300736
1428409792624828422
1428409797381079044
1428409807921455114
1428409813353050123
1428409824937656324
1428409828788129795
1428409833334657025
1428409858882252800
1428409882479374336
1428409886975709187
1428409894756102146
1428409902523994114
1428409920320196609
1428409924934111232
1428409925194092544
1428409928713216013
1428409953530822666
1428409975206985737
1428409987487965186
1428409994987327492
1428409999882166273
1428410016931979264
1428410028030152710
1428410034132865036
1428410036863307780
1428410073307619344
1428410076314865665
1428410096862875650
1428410105410752520
1428410105888919559
1428410118035623940
1428410128055820291
1428410153959886848
1428410159639011329
1428410189452021764
1428410193919057920
1428410209651789826
1428410224571002882
1428410238009499650
1428410240236666883
1428410240639324163
1428410245433462791
1428410246893129731
1428410251548766216
1428410264299483142
1428410267650637840
1428410279629623304
1428410296251686919
1428410322537394179
1428410324840062980
1428410362391523328
1428410373137436674
1428410380347392006
1428410380402020357
1428410380691382274
1428410388283105280
1428410392330612739
1428410403135049732
1428410415109873672
1428410421849976832
1428410429605392389
1428410430398009350
1428410430964240398
1428410431022919681
1428410431882792963
1428410442674810886
1428410447129161731
1428410453647151104
1428410460349607943
1428410461230452742
1428410480213778432
1428410552913735682
1428410556877361162
1428410560052408325
1428410562917113862
1428410582340931590
1428410587336355841
1428410595347419144
1428410598975488009
1428410623075962881
1428410634308407297
1428410635734429702
1428410647423946759
1428410656114593796
1428410671159562244
1428410674443603969
1428410703644221445
1428410704432877574
1428410737190477826
1428410740042522626
1428410747915284501
1428410757453131784
1428410763123642373
1428410780467093505
1428410784820965382
1428410784846077962
1428410790697226248
1428410797697511428
1428410807575056389
1428410808690688002
1428410809324036101
1428410813845581832
1428410817167466503
1428410840210935809
1428410842270212097
1428410857692688385
1428410868480495624
1428410881818435592
1428410887103254530
1428410896116862977
1428410900571119619
1428410923283329035
1428410924596146181
1428410935199379457
1428410956875436041
1428410966597898253
1428410997749002248
1428411007794393092
1428411009899929606
1428411024210857985
1428411025901170690
1428411050228080640
1428411053327622148
1428411057081569281
1428411057228369926
1428411072470413314
1428411075284791299
1428411081978957827
1428411086861217800
1428411094796734469
1428411106326990848
1428411106956128257
1428411110252859394
1428411121225150468
1428411122789625860
1428411128481079296
1428411130972618752
1428411136412733448
1428411136903372802
1428411141143900175
1428411143140356096
1428411144818024455
1428411147892502534
1428411153709944835
1428411153902981129
1428411155614212100
1428411157363269632
1428411161532268546
1428411166460629002
1428411192138248202
1428411195678240772
1428411195975999489
1428411198790246404
1428411202607226884
1428411209494274049
1428411225365434374
1428411228318175232
1428411238552375300
1428411239424839691
1428411240649461765
1428411252699803656
1428411256504033283
1428411269065973763
1428411276867350534
1428411286195482624
1428411288233955332
1428411291333443584
1428411294344876033
1428411296257646599
1428411308777615363
1428411312766439427
1428411312883879941
1428411315261947910
1428411324212645891
1428411329212190728
1428411336409616384
1428411337424752646
1428411337722433536
1428411353421713408
1428411357272150023
1428411363290984449
1428411364528345093
1428411387005505542
1428411388079321091
1428411397025771526
1428411410929885190
1428411418152357890
1428411421423976456
1428411423328280579
1428411429900722183
1428411432102776838
1428411432572538880
1428411441913077760
1428411461777477643
1428411465132871680
1428411467867508746
1428411469696311297
1428411470572920836
1428411485353660419
1428411493893218307
1428411496703397895
1428411502101504000
1428411504710275078
1428411519495180291
1428411526105509891
1428411530887016454
1428411536201162759
1428411539913158662
1428411540303187972
1428411540382928910
1428411540554887180
1428411540709982213
1428411555218083844
1428411564940570627
1428411587598110721
1428411588801974276
1428411591486181376
1428411595043004417
1428411595697397764
1428411603058401289
1428411605130358800
1428411614018121728
1428411627146301442
1428411652190441474
1428411655285878789
1428411673669476366
1428411676580356098
1428411678614503430
1428411687099674625
1428411692296331264
1428411693907038208
1428411703860006912
1428411735027953664
1428411735338270729
1428411736038776832
1428411742464483340
1428411749221519366
1428411766317408259
1428411785187495937
1428411785330180111
1428411792707960842
1428411799456653316
1428411804632457218
1428411808428212224
1428411809963380739
1428411810739261440
1428411814937833480
1428411816045158403
1428411816355504138
1428411821363433477
1428411836072873989
1428411842582482947
1428411844239167491
1428411847976304640
1428411850379640834
1428411858164363264
1428411865022013452
1428411868297707525
1428411873750392833
1428411883091079168
1428411899025178629
1428411900115791875
1428411902758199300
1428411904813379597
1428411918440484866
1428411922248978436
1428411923494842368
1428411925197729798
1428411927357792261
1428411941916192780
1428411945993089024
1428411960899555333
1428411976590499846
1428412003530444801
1428412024447455243
1428412026825568260
1428412028687945739
1428412031997198341
1428412034740367370
1428412036925599747
1428412038724870155
1428412039760916484
1428412045716860932
1428412051144286210
1428412060610666497
1428412062452027392
1428412073906692099
1428412077979406344
1428412096618844171
1428412101379465225
1428412116785106950
1428412117305073665
1428412119624650760
1428412127610552326
1428412131146403848
1428412134212386819
1428412136221417476
1428412142093586435
1428412142357725195
1428412143750328325
1428412155016122370
1428412155695620101
1428412170765848579
1428412178739171332
1428412179133485063
1428412189388464144
1428412193746337798
1428412193796657158
1428412196632072203
1428412196665634817
1428412198230102020
1428412205356130310
1428412205364547584
1428412207100940289
1428412211182059528
1428412223442018305
1428412230475952131
1428412231977521166
1428412234674356238
1428412238541508611
1428412241741762560
1428412242614046722
1428412243218206724
1428412247425048578
1428412264013389828
1428412281856069632
1428412282065850380
1428412295043026953
1428412301531570189
1428412307114180609
1428412313866883075
1428412317281230856
1428412320523378702
1428412321093795848
1428412322142380034
1428412324835176453
1428412337308975108
1428412341465591813
1428412354010693640
1428412358288986124
1428412365129732099
1428412371471671303
1428412385660862464
1428412389641408514
1428412391268704257
1428412393386827782
1428412398956814346
1428412406104043527
1428412406145769474
1428412432381263879
1428412441424183296
1428412445220081671
1428412461821136898
1428412463033110531
1428412464572551174
1428412483757297664
1428412485904838656
1428412491122581504
1428412493202968578
1428412495132233738
1428412502644338692
1428412504137289730
1428412504510709764
1428412511246766087
1428412519371010049
1428412530913910788
1428412539784814599
1428412560563335173
1428412562668937222
1428412568847196160
1428412576837378049
1428412578825396232
1428412583657328649
1428412589558669317
1428412590720434179
1428412594944102401
1428412595581689857
1428412605501263876
1428412611788476418
1428412613629722633
1428412619208249353
1428412622156836864
1428412625361199105
1428412627328380930
1428412633099743242
1428412647150661635
1428412648761274370
1428412666717085698
1428412678561832962
1428412684219961350
1428412685616508933
1428412685725618182
1428412707187855369
1428412714532093960
1428412717824679937
1428412722518142978
1428412724153827334
1428412733771460613
1428412787936608257
1428412789459128320
1428412791191326722
1428412792613359617
1428412796304347137
1428412797004701698
1428412801731547138
1428412803090501636
1428412811387056129
1428412817162506248
1428412838142484489
1428412842848489489
1428412853460127751
1428412864910565385
1428412898674630663
1428412902474670082
1428412924570312715
1428412926747086848
1428412947647406081
1428412955679510537
1428412984175460353
1428412985299587074
1428413002609532929
1428413028731703296
1428413039351525377
1428413041239076864
1428413049539551232
1428413063624069120
1428413065763164164
1428413065926791173
1428413066094387204
1428413072302088194
1428413074818703375
1428413078564188162
1428413083991560195
1428413109794971658
1428413111225171971
1428413137775210500
1428413169656111105
1428413178841550858
1428413213046083585
1428413233891889169
1428413242389540866
1428413246948610048
1428413271002992640
1428413277663637510
1428413287994216452
1428413288149311492
1428413320357371904
1428413338829017090
1428413363344887811
1428413366406635526
1428413387894050816
1428413390519742470
1428413416583143428
1428413440066920457
1428413458924589161
1428413462384988169
1428413473831129089
1428413475597033473
1428413487592660994
1428413498548228107
1428413500037156870
1428413511550504962
1428413513744191496
1428413536921735171
1428413548590403584
1428413550419083272
1428413561953456136
1428413567712350217
1428413574574116870
1428413574674845703
1428413587287064588
1428413590369931269
1428413592190296071
1428413597680488449
1428413601157718017
1428413619071590402
1428413640160342018
1428413647500500993
1428413648213532673
1428413656975384577
1428413667226304515
1428413679419150349
1428413696578048006
1428413697953828872
1428413713887993856
1428413723014799367
1428413723199344644
1428413733735444480
1428413744346898432
1428413773891637254
1428413773979729920
1428413776752152579
1428413831517249554
1428413860864831489
1428413862051725312
1428413865310756875
1428413865436622856
1428413872235499520
1428413873015640069
1428413876790611969
1428413878745042947
1428413886949171211
1428413889629364229
1428413894712827908
1428413898324168704
1428413902136676366
1428413921464143876
1428413922181275661
1428413931341578241
1428413943463153664
1428413962329145348
1428413971535699981
1428413978842177543
1428413984898699264
1428414003659870216
1428414006394556418
1428414006470000656
1428414006553948162
1428414010630750212
1428414015080914947
1428414021087207432
1428414028897038340
1428414045539999758
1428414055405035520
1428414060224188417
1428414060413046793
1428414063101583367
1428414081787207684
1428414119493971969
1428414124581601282
1428414130168516612
1428414141010792452
1428414142373715974
1428414155762110475
1428414170383491079
1428414175190061070
1428414175756394499
1428414180630175745
1428414189140283392
1428414209176506370
1428414213874126852
1428414215795232769
1428414218999566336
1428414222522802178
1428414290248228865
1428414311622488071
1428414315195949065
1428414318505254920
1428414322900938759
1428414324452827141
1428414324964528134
1428414328630235137
1428414333457928192
1428414352185569282
1428414374771892228
1428414392362733568
1428414403540619273
1428414406879322112
1428414408246628362
1428414427397869575
1428414453255712775
1428414469441560576
1428414473556037632
1428414474881544192
1428414485614800903
1428414499413954562
1428414510994444298
1428414517701140480
1428414521085923334
1428414528694497288
1428414529227169798
1428414552966848526
1428414558104915971
1428414560206262276
1428414560277573633
1428414561615482884
1428414561623756802
1428414570490650631
1428414581706268674
1428414629697425408
1428414666460614661
1428414675805421570
1428414679928410118
1428414685636857856
1428414685750120454
1428414694864441346
1428414703768936454
1428414723918344199
1428414730427932678
1428414736924913666
1428414743300222978
1428414750745141249
1428414759670583309
1428414761096646656
1428414762950479873
1428414785142542350
1428414786602094592
1428414800091090948
1428414802154586120
1428414814766964743
1428414825269534725
1428414825537937415
1428414838305394704
1428414842981990414
1428414844991152132
1428414849034432520
1428414851681071108
1428414852385628166
1428414857037193221
1428414861919330307
1428414891212353545
1428414896346210308
1428414902616559620
1428414926905806862
1428414932937236491
1428414935231574020
1428414944832364545
1428414957612318723
1428414962121297920
1428414969440264195
1428414977350701062
1428414977942204419
1428414987756875776
1428414994341838866
1428415000469716993
1428415001044439055
1428415014956847116
1428415015321837577
1428415019088236563
1428415038373703688
1428415045336240128
1428415049769574413
1428415061790502921
1428415072909545475
1428415074771873800
1428415083055550473
1428415084083257347
1428415096930373642
1428415103351902209
1428415105423773707
1428415107541917707
1428415108112429063
1428415109139943430
1428415117146791939
1428415118795186176
1428415120518963201
1428415125569122308
1428415128224124934
1428415129624907780
1428415135748591625
1428415149610881024
1428415149627658244
1428415150193848322
1428415163598782471
1428415164177596419
1428415165687607306
1428415171714813966
1428415180816461827
1428415183454605318
1428415186898018305
1428415187787386880
1428415189309874190
1428415191700606980
1428415211418030093
1428415213628440577
1428415218628145160
1428415220888838144
1428415224005148676
1428415230003060737
1428415230955212800
1428415231101972491
1428415238647521290
1428415238853038085
1428415249888071681
1428415259648344071
1428415262336774152
1428415267307081733
1428415267466584068
1428415271040167939
1428415287544717328
1428415291768414212
1428415293433466882
1428415299922104320
1428415302027595788
1428415318062424078
1428415335309455365
1428415341131141128
1428415342519406596
1428415343194689536
1428415344574705666
1428415345266733063
1428415351629524994
1428415355131777028
1428415367198674952
1428415375528574976
1428415395409633282
1428415397406117894
1428415407686291464
1428415409800159236
1428415428729135107
1428415432520830979
1428415439781208069
1428415440313847816
1428415450665345026
1428415460098379780
1428415464477167620
1428415465261617161
1428415476208656388
1428415478066827271
1428415502959927299
1428415516268453892
1428415527093932036
1428415529795084289
1428415530441007106
1428415532311748610
1428415548006838276
1428415551173496832
1428415551215439877
1428415562867113984
1428415569863221248
1428415575810879490
1428415589362675713
1428415590436327431
1428415591690477578
1428415597046640642
1428415604520886273
1428415608048308225
1428415623365677059
1428415625395847170
1428415637228040199
1428415638943326216
1428415641170628608
1428415646912573442
1428415656156872714
1428415665266995210
1428415670279151617
1428415706413125638
1428415708203937793
1428415716869345280
1428415719075627013
1428415719641915401
1428415723655811079
1428415724956041224
1428415742462992386
1428415745759883270
1428415750226817027
1428415751409577987
1428415754957885448
1428415761576599568
1428415768601976835
1428415780127924224
1428415786520129543
1428415787350564873
1428415791733501953
1428415827968024588
1428415833492103168
1428415836146913282
1428415850596405258
1428415858066460680
1428415860927049729
1428415861703028745
1428415863590461444
1428415865477910538
1428415884083695619
1428415904849829893
1428415911439093762
1428415911913009160
1428415919299178507
1428415924663635968
1428415932481802240
1428415939549220866
1428415942393012242
1428415951725383683
1428415954535518215
1428415957635149825
1428415962387140608
1428415964484358148
1428415977302151170
1428415979621552133
1428415987171352580
1428415990401052682
1428415991701069825
1428416012936826881
1428416031278526465
1428416033572982790
1428416051495198724
1428416065395208196
1428416068914008068
1428416077411848202
1428416078472962055
1428416080410710023
1428416083917217797
1428416098261782529
1428416106788577283
1428416117010313218
1428416122022412288
1428416124715163648
1428416129538666505
1428416133380587526
1428416134701850625
1428416143874744321
1428416155417563137
1428416158609252353
1428416161595772928
1428416171896983563
1428416172177993736
1428416176414150660
1428416180168138762
1428416188393037824
1428416203530272771
1428416225265213440
1428416227156709376
1428416228008267777
1428416230919180295
1428416239504814081
1428416245284605956
1428416246215753735
1428416251852886016
1428416256038866947
1428416256705761287
1428416273805873155
1428416284312563716
1428416292965466112
1428416315115585540
1428416332371009536
1428416346740731909
1428416361173237773
1428416369532473350
1428416370379829256
1428416371403022342
1428416372728635401
1428416375220019202
1428416384862539776
1428416393079312384
1428416396816392192
1428416398372573187
1428416408724156417
1428416409114071040
1428416420874969093
1428416432400912395
1428416437417218054
1428416441792012288
1428416442442162185
1428416446162477056
1428401380847493120
1428401383175229442
1428401455803867144
1428401487194071042
1428401563178045444
1428401578864689159
1428401610112253966
1428401644128059396
1428401681876852742
1428401799321509893
1428401833123401728
1428401841780445188
1428401971350941703
1428401988748906513
1428402063105536004
1428402072291057669
1428402075118018566
1428402083447902209
1428402123444834313
1428402293909725186
1428402306769465347
1428402311622131717
1428402337316577281
1428402379335024649
1428402388533055494
1428402406446993414
1428402645887299593
1428402699213623303
1428402764585918464
1428402780205719554
1428402821301346308
1428402881363947521
1428402883393986564
1428402883607900162
1428402899000963072
1428402903597948937
1428402989862170636
1428403093859930115
1428403099446697989
1428403108611190787
1428403113812168710
1428403137996460034
1428403274772799497
1428403409535778816
1428403477772791812
1428403586850074634
1428404261889658881
1428404306374324229
1428404378768220169
1428404391619485699
1428404392248725507
1428404526025957386
1428404535777796107
1428404547777671178
1428404572104560648
1428404657433583617
1428404796780957701
1428404842817490949
1428404956827107329
1428404986031927296
1428405076071227399
1428405103237767175
1428405118286843905
1428405147143659521
1428405172225650696
1428405192094011392
1428405269608894467
1428405369353777156
1428405378845396998
1428405434369642509
1428405477357105152
1428405699113979906
1428405915691196419
1428405921164800008
1428406057433501697
1428406135300804612
1428406323578904576
1428406331644518402
1428406336652460035
1428406343371825157
1428406369561071617
1428406374195769350
1428406390079381510
1428406405531242501
1428406482257825796
1428406489765535748
1428406586154930176
1428406646800326662
1428406689011752967
1428406722180304896
1428406769412345856
1428406959586398212
1428406987109412866
1428406988107444225
1428407015202861065
1428407062380388368
1428407149747740676
1428407230735466496
1428407756227334152
1428408227943878658
1428408389584007172
1428408497604075527
1428408532714545160
1428408533729648640
1428408544026497024
1428408742287183879
1428408774579064838
1428408934080163840
1428408972495761409
1428408980162887682
1428408985628065792
1428409189165056002
1428409434116612101
1428409497790390272
1428409509404413952
1428409653537517581
1428409805262176266
1428409811138383878
1428409839932301316
1428409919963815938
1428409931770720259
1428410122288648202
1428410125769973768
1428410174557982723
1428410235664875524
1428410291264663554
1428410376862027786
1428410389218398212
1428410418196885504
1428410420772044812
1428410446713966600
1428410528519671818
1428410535368855552
1428410613714374661
1428410642822729734
1428410683855720448
1428410863975813135
1428410880283320329
1428411029030060032
1428411121514553347
1428411195556614144
1428411283884421135
1428411435969912837
1428411445184716802
1428411838601957384
1428411927374573572
1428411971095891973
1428411986560290818
1428412035105177611
1428412051362287628
1428412084736303110
1428412149005705216
1428412170371481607
1428412190604857345
1428412248024915971
1428412364546789382
1428412393755971584
1428412445307990018
1428412494800904192
1428412566951403520
1428412567110750208
1428412576975757318
1428412658370363397
1428412671691575301
1428412675810336775
1428412685595648002
1428412698425974785
1428412700737036291
1428412781624188935
1428412852570935299
1428412868869955587
1428412891842105355
1428413004048003073
1428413016421306375
1428413024696774658
1428413040454684678
1428413191583830016
1428413264019533832
1428413389777383429
1428413400153870341
1428413423029788681
1428413442587770895
1428413447319035909
1428413465262116873
1428413508157325314
1428413515560271873
1428413599362473985
1428413677275951114
1428413711392333829
1428413878547910663
1428413955354079236
1428414082680561669
1428414116813844488
1428414132278108160
1428414178495184904
1428414276193116165
1428414371642978310
1428414419999072266
1428414512479285253
1428414820941025289
1428415312676917254
1428415538548641797
1428415623713984523
1428415642139430913
1428415796280107014
1428415864273993732
1428415873358856196
1428415873698734083
1428415890132021254
1428415902463275012
1428415914169536512
1428415948302729217
1428415961166749703
1428415992330346503
1428416098806947848
1428416109460471808
1428416133175123977
1428416177743745024
1428416228713013253
1428416234928885763
1428416241421668360
1428416293741502468
1428416301052174339
1428416306521518083
1428401376632229890
1428401377588416520
1428401394537672711
1428401423205679110
1428401439152476165
1428401445871759363
1428401456806125569
1428401468508409866
1428401468550303744
1428401473474506757
1428401474686574604
1428401477341487109
1428401482341265411
1428401494278221825
1428401516449202185
1428401519154585607
1428401538674970628
1428401539312463881
1428401546962800650
1428401561038999566
1428401588398342145
1428401591757967362
1428401606303883278
1428401606698143751
1428401606886842376
1428401613509701639
1428401624268087297
1428401624603635716
1428401624871968768
1428401633285787652
1428401639094996995
1428401647466778629
1428401655742181378
1428401687543304199
1428401707311157255
1428401712621101064
1428401713417961479
1428401724642021377
1428401737879244804
1428401751091257352
1428401762592038915
1428401779880902660
1428401790240841732
1428401804207747078
1428401806414123011
1428401821765283845
1428401839029067781
1428401843332390918
1428401846440402956
1428401873808248832
1428401900131598340
1428401908566343681
1428401912739766278
1428401931723100168
1428401940120154113
1428401948806590472
1428401951511912450
1428401957857894400
1428401974253338635
1428402008801824769
1428402009044967424
1428402018461306886
1428402049239162884
1428402054314270720
1428402082529349641
1428402088506241028
1428402093711269893
1428402095896600586
1428402108286619651
1428402124833046536
1428402128075169794
1428402135301955587
1428402137982242821
1428402222849724423
1428402226687578121
1428402259159883777
1428402314331623429
1428402316303126529
1428402320157536258
1428402339560529926
1428402342467145730
1428402364776599568
1428402375757291531
1428402384959574017
1428402385236471816
1428402393473974277
1428402498906169352
1428402502576320512
1428402508423127041
1428402517797388293
1428402537485541377
1428402539515596805
1428402561292324872
1428402567004966919
1428402582049992707
1428402583979188225
1428402631114780677
1428402633916755970
1428402673439608834
1428402678804123655
1428402680607744004
1428402687494828033
1428402688991981570
1428402699561836550
1428402714912960522
1428402716502601729
1428402735389478933
1428402769371844617
1428402773838778374
1428402828201140231
1428402838472777733
1428402856395169796
1428402857452216321
1428402865329037312
1428402873235386372
1428402876250996741
1428402882357911554
1428402892541730821
1428402893871370245
1428402904730325004
1428402908840726535
1428402909738373123
1428402915509776389
1428402924477165578
1428402931817189382
1428402934648352774
1428402943733207044
1428402952109182981
1428402955787583489
1428402960489402369
1428402966516707341
1428402968055930881
1428402970807373829
1428402979082842119
1428403012939259905
1428403023886397447
1428403027497701380
1428403033692594178
1428403034116263943
1428403050742419456
1428403059223371777
1428403070879387652
1428403076055056393
1428403087279108114
1428403161216299009
1428403163103731714
1428403174541512706
1428403231403687940
1428403244309483528
1428403275414507521
1428403328040456193
1428403342083072003
1428403344285052937
1428403353827123200
1428403356662386693
1428403366556839945
1428403435041329155
1428403445447512065
1428405071881113603
1428405076264169475
1428405080424910852
1428405101329371143
1428405101757075459
1428405103048937481
1428405110439387137
1428405147177299972
1428405151535038468
1428405157113511941
1428405159500165129
1428405160242343938
1428405163325276162
1428405172338823171
1428405172863180808
1428405177502081025
1428405211362648067
1428405219726090245
1428405231977705478
1428405237564465158
1428405237711314946
1428405242866147329
1428405250214580228
1428405260662579200
1428405266614206472
1428405282657513472
1428405291696205827
1428405295949176836
1428405298960740357
1428405308129480708
1428405308330762247
1428405309446500363
1428405335300218886
1428405339876216850
1428405355625730059
1428405360885338115
1428405371740332035
1428405374043004943
1428405374391103488
1428405384755257346
1428405391881297920
1428405394435620870
1428405401171775496
1428405412114599947
1428405421832871944
1428405426580819973
1428405437595013120
1428405454724485123
1428405456221835264
1428405458419818500
1428405494339747848
1428405514623389698
1428405516326277135
1428405523309805577
1428405529337077767
1428405540405792768
1428405540691009537
1428405543924797443
1428405549213827077
1428405553089368070
1428405580662779919
1428405587734405128
1428405655388499968
1428405676842364928
1428405691975352326
1428405703409082374
1428405705648660481
1428405740700684294
1428405761437224963
1428405765862162434
1428405769779752961
1428405770648002572
1428405770920636417
1428405824389586945
1428405844186705926
1428405858199801868
1428405869729964038
1428405878995226631
1428405879192395776
1428405879553073162
1428405882304536580
1428405890902904836
1428405908564942855
1428405921626083332
1428405926822912000
1428405933793755144
1428405935676944386
1428405946729046024
1428405955490942983
1428405955839016967
1428405970892251136
1428405973576785932
1428405989095714822
1428405998356615170
1428406017335902214
1428406049065869316
1428406064417021953
1428406069567660033
1428406099863085056
1428406108574601225
1428406113846927362
1428406128669384709
1428406149385048071
1428406152249987074
1428406162697900047
1428406169715027987
1428406201088450576
1428406204154490885
1428406211242831872
1428406238774284290
1428406241030807558
1428406253529845760
1428406283485470729
1428406299163860992
1428406317597736964
1428406329786372101
1428406330776342536
1428406368176943104
1428406416772149249
1428406420828004363
1428406454701068294
1428406488574296068
1428406503732662282
1428406510229536775
1428406524947439631
1428406531968552961
1428406544354398209
1428406573630623750
1428406589879291907
1428406632443219978
1428406669072085000
1428406674516230145
1428406687174692866
1428406695311577102
1428406701586272259
1428406712386703361
1428406726752100355
1428406760239472643
1428406769815101446
1428406771593490445
1428406777675014144
1428406787095633929
1428406836781256710
1428406853873111057
1428406860063772673
1428406923880173578
1428406931564097537
1428406963113762818
1428406978389417989
1428407014552522753
1428407020743442436
1428407022744227846
1428407087143477253
1428407129384312838
1428407180244434945
1428407207306088453
1428407210443362307
1428407218135724033
1428407250989817860
1428408864840552449
1428408903130357766
1428408922021384200
1428408922029891587
1428408922419904514
1428408922759598081
1428408923900497928
1428408924911243264
1428408925184008204
1428408925347483649
1428408935120310272
1428408945157226497
1428408945736134660
1428408948315590662
1428408955483607050
1428408993588813832
1428408995723845632
1428409030033166336
1428409039034142727
1428409046902755329
1428409047007604736
1428409063507902479
1428409074618707977
1428409121087311876
1428409123285127176
1428409155098923010
1428409172912078851
1428409206512705544
1428409214444187649
1428409219691139075
1428409220496609280
1428409230193790977
1428409251475640329
1428409252843036681
1428409299835949059
1428409304265207817
1428409310887833602
1428409311211003918
1428409334090801155
1428409357948145666
1428409360632385538
1428409379615920132
1428409380291203077
1428409394233061380
1428409396053389318
1428409404416737292
1428409467109052417
1428409482913087488
1428409485446557697
1428409504547414022
1428409513812582407
1428409524663226372
1428409559513767940
1428409559731814400
1428409567894032399
1428409577989607426
1428409623393017864
1428409676509626371
1428409678233587719
1428409680016052226
1428409691273580553
1428409707539091458
1428409715676045328
1428409727822667776
1428409746000855041
1428409746089037830
1428409750048452614
1428409773981147138
1428409780390014979
1428409796076703745
1428409807048876032
1428409807858401288
1428409834471366662
1428409837487067138
1428409837675847692
1428409844223160323
1428409867551846407
1428409868994727936
1428409872303919105
1428409902108708873
1428409918349103114
1428409961722359812
1428409963421093888
1428409965543370758
1428409977186705410
1428409980743405569
1428409999680802831
1428410002704715780
1428410038603845632
1428410086708453377
1428410098536390656
1428410107784749057
1428410113958817797
1428410129016295427
1428410146204569600
1428410163510317057
1428410172364386309
1428410180430024713
1428410182514749443
1428410196427149320
1428410213284130819
1428410220812898309
1428410269441609730
1428410271782035468
1428410275682676739
1428410288647311364
1428410323652993024
1428410324437307395
1428410356808966146
1428410366967570443
1428410371392557061
1428410386143870979
1428410424366620675
1428410444054683660
1428410458147545094
1428410482713669645
1428410484013813767
1428410493174259717
1428410509016043522
1428410516188315651
1428410520386822154
1428410537881358337
1428410567665065985
1428410592776294409
1428410627664531465
1428410642973790219
1428410671302127617
1428410676863766543
1428410690705010696
1428410698929868800
1428410703858241546
1428410730714435595
1428410738884980747
1428410740025839620
1428410802382512137
1428410803418550285
1428410815170990083
1428410827678310400
1428410845516664835
1428410877842182160
1428410904064974852
1428410906199928832
1428410917390372864
1428410938483429377
1428410939825590275
1428410950110126081
1428410990480199682
1428410993097465858
1428410999321899009
1428411007907639296
1428411022902063105
1428411032263921665
1428411037758283782
1428411056876101642
1428411069261832208
1428411095639896065
1428412657862852622
1428412671829979143
1428412685713084417
1428412690100363268
1428412696886657032
1428412696936861696
1428412696987328515
1428412697104818177
1428412702838435848
1428412706151964684
1428412710392320000
1428412722555785216
1428412724384522240
1428412725705773065
1428412749156163585
1428412764121296897
1428412769720733702
1428412771297894403
1428412842835914753
1428412845402824705
1428412845537087489
1428412860942716928
1428412877262581765
1428412920044691459
1428412937618825217
1428412941402054658
1428412960683089926
1428412964810395648
1428412973496864773
1428412985979064323
1428412998071238659
1428413018979831812
1428413032405757957
1428413045827592199
1428413092837298177
1428413105244094465
1428413128061202439
1428413133819990017
1428413159396757509
1428413169358225411
1428413170071310340
1428413191898468354
1428413198525472768
1428413207132131333
1428413215822712836
1428413294663114764
1428413316595081224
1428413336731934728
1428413368164130820
1428413368436760576
1428413383750164488
1428413425235812352
1428413485206081538
1428413495402455040
1428413510233493504
1428413537643339777
1428413540088561671
1428413543863422979
1428413546866544651
1428413546929479687
1428413580169330696
1428413611198844936
1428413616123006977
1428413620845690889
1428413630559793155
1428413646212829204
1428413648230289410
1428413655301857284
1428413656686006273
1428413661002010626
1428413728454680581
1428413735903846406
1428413752081330191
1428413755038306312
1428413781319712768
1428413782188044301
1428413798654820352
1428413820230328326
1428413887863525377
1428413910013681669
1428413929038942220
1428413932071493634
1428413937826078726
1428413940468310017
1428413944671133702
1428413971757928449
1428413975927087104
1428414100116328449
1428414115702353927
1428414119246536708
1428414137961418752
1428414144944955394
1428414166650458117
1428414172421894149
1428414186288259074
1428414213014396937
1428414251606192139
1428414261169115140
1428414263677362176
1428414266919378950
1428414295772078084
1428414304781438978
1428414308946530304
1428414312276705283
1428414314243928066
1428414315816755205
1428414339174764549
1428414340374441995
1428414357344452614
1428414372272017416
1428414381122015238
1428414405264515074
1428414409077055489
1428414446280527873
1428414452811145222
1428414527280803846
1428414533597548554
1428414568771031051
1428414574345154564
1428414589235077121
1428414623326380051
1428414626979401728
1428414632377606153
1428414642188128264
1428414657769971713
1428414672710082561
1428414714661511168
1428414736236941316
1428414746454380550
1428414762912817159
1428414821314162690
1428414830449512448
1428414845804818433
1428414918336856071
1428401480508137478
1428401990900457477
1428402033586016267
1428402190897623048
1428402606016241675
1428402998409973761
1428404971976880130
1428405106760896516
1428405492632588292
1428405595523145732
1428405795142635520
1428406114773778440
1428406423076196352
1428406553099612166
1428409041735192577
1428409187000717320
1428409205627752452
1428410149295767553
1428412666062675969
1428412942945452032
1428413589304619020
1428413908151242754
1428416335340576775
1428402430761263108
1428404352830500868
1428405701441822726
1428410041950826501
1428415686829817863
1428406253210976257
1428401371414515720
1428401372664377349
1428401377135398919
1428401378146222082
1428401380314652675
1428401409066737676
1428401412648566786
1428401413298737160
1428401415823794179
1428401416419282944
1428401418264842242
1428401428670808064
1428401434324766722
1428401454553833474
1428401463815032837
1428401473608683533
1428401474556604425
1428401484031528967
1428401501794353158
1428401537915625474
1428401539102789644
1428401556051828739
1428401557163417611
1428401557549289483
1428401558648233993
1428401616668045312
1428401645336027144
1428401662759247877
1428401698549243904
1428401699006390281
1428401699551682562
1428401725862469633
1428401743424012307
1428401743969361926
1428401776844328963
1428401805424168960
1428401808779751432
1428401809354338307
1428401811908608006
1428401830149689353
1428401837854527491
1428401839012204550
1428401842761965572
1428401844473171968
1428401853511962640
1428401864073228290
1428401912173506567
1428401915952570372
1428401940510150666
1428401977348722690
1428401977399128075
1428401977591959552
1428402000010506248
1428402001281490945
1428402004641075200
1428402013985980421
1428402027751739397
1428402057837416449
1428402070533595138
1428402073348018178
1428402085511548937
1428402086752968710
1428402095766614016
1428402135386009601
1428402136480636933
1428402145146163202
1428402145271980032
1428402145536135173
1428402148799401987
1428402154889519107
1428402171641483264
1428402178520227844
1428402228755320837
1428402244819501065
1428402249307365381
1428402266189467655
1428402295671332866
1428402329758339077
1428402333059215360
1428402351874973705
1428402353087131656
1428402383273529344
1428402458431082501
1428402458993201152
1428402474831032325
1428402564127760392
1428402568510820357
1428402602786672649
1428402648013803521
1428402650954018824
1428402704351592453
1428402712157229059
1428402732675833863
1428402735624433668
1428402818814251010
1428402831149522944
1428402843984154627
1428402894634721286
1428402895544795142
1428402904055128066
1428402926129537025
1428402943649325060
1428402971407110144
1428402984271101960
1428402986779353093
1428402995641962498
1428403007545294854
1428404938363883524
1428404985868419072
1428404987042930694
1428405011902513164
1428405040792936452
1428405072472547331
1428405095771918336
1428405100092010502
1428405116370051076
1428405137274556422
1428405147550486530
1428405149601574913
1428405157142974466
1428405164944277506
1428405175350333446
1428405188461694976
1428405206539284481
1428405214047055881
1428405225665269766
1428405263065825286
1428405272352018435
1428405330971594758
1428405332485758988
1428405332645187585
1428405364978974722
1428405365369155589
1428405366878998528
1428405398306951178
1428405401838555142
1428405416128618505
1428405416468389891
1428405419949625355
1428405428044566528
1428405432687775746
1428405434533093379
1428405500329304068
1428405503865069572
1428405504326389772
1428405531648143364
1428405550610534405
1428405561641611272
1428405562950266883
1428405609360236550
1428405615097942025
1428405631921397764
1428405695557341194
1428405702830137355
1428405705200050177
1428405708215705600
1428405738561495049
1428405778105384970
1428405797093101570
1428405806928736260
1428405807641726984
1428405816089063427
1428405838549561345
1428405891854782465
1428405894744772609
1428405937371549700
1428405953318191107
1428405961274929156
1428406014693363712
1428406025678467079
1428406084075761670
1428406087452172292
1428406116116013064
1428406155479552000
1428406190304808967
1428406234940690433
1428406288887816195
1428406373117743107
1428406374657101828
1428406381904896003
1428406413118918668
1428406417745190913
1428406422732263426
1428406435298353156
1428406436560875522
1428406445251432452
1428406472334057480
1428406476461248521
1428406522263097344
1428406567666286592
1428406590219161607
1428406590722412550
1428406617494720514
1428406654421409793
1428406675371925514
1428406718560616448
1428406739406311424
1428406748600274945
1428406750105903113
1428406780665675780
1428408771605372933
1428408773828354051
1428408817721688066
1428408846284951570
1428408856615469066
1428408862802128897
1428408923116105730
1428408924055740422
1428408944884584448
1428408955756294148
1428408966753570820
1428408973611442182
1428408974865485832
1428408994306031621
1428409015902646274
1428409027151777800
1428409053936500741
1428409055626907660
1428409057489002500
1428409071288217600
1428409198619078663
1428409204746948608
1428409204868517904
1428409204956618762
1428409205246107649
1428409206114185220
1428409206143598595
1428409206210715656
1428409207087411203
1428409212674191365
1428409243141644291
1428409275148292096
1428409276062654470
1428409282836398087
1428409312511238151
1428409358401085450
1428409359000870918
1428409369385910273
1428409376415567872
1428409399907868676
1428409412822126593
1428409440856911887
1428409442870124550
1428409442954059781
1428409442995949576
1428409468765806592
1428409483986968588
1428409508728958979
1428409565234794498
1428409571664613393
1428409583257673729
1428409657991778309
1428409662697783297
1428409677390368777
1428409683300257793
1428409760265744385
1428409802632409098
1428409826229428231
1428409872039690247
1428409873872547845
1428409919255072776
1428409960749273093
1428409965887123459
1428409996853727233
1428410024091545604
1428410039409258501
1428410113606385664
1428410132191449091
1428410148792508424
1428410188827176961
1428410195844030467
1428410198062940164
1428410198075576321
1428410210381619205
1428410214294900742
1428410220196339717
1428410251884302336
1428410272650252288
1428410311913136128
1428410330091294725
1428410343101919236
1428410343160745992
1428410344549109763
1428410345396260872
1428410366699221000
1428410402556334087
1428410403323797508
1428410426245611523
1428410427160113158
1428410449377349634
1428410450224504838
1428410467240787974
1428410487587356678
1428410541857406979
1428410576280203271
1428410576519192585
1428410608311996417
1428412553378545669
1428412558038376454
1428412573603487746
1428412578988916736
1428412631162015744
1428412667283353610
1428412695854960649
1428412708437774336
1428412710216249346
1428412738733322246
1428412740536766470
1428412749218914308
1428412751567802372
1428412787890573317
1428412802067312641
1428412840520658948
1428412844278788096
1428412851547426836
1428412875710861323
1428412926830989312
1428412936989593613
1428412938826788867
1428412950046519296
1428412964017631237
1428412971932393473
1428413025933946887
1428413050458095632
1428413067553959943
1428413096423526401
1428413106632466443
1428413124080775171
1428413128757366793
1428413164803305475
1428413165310603266
1428413188090040321
1428413194897346562
1428413250647912464
1428413321825370119
1428413337566654466
1428413344285749252
1428413379585232906
1428413385943748612
1428413386807775234
1428413388145586181
1428413396505055233
1428413411474477056
1428413416042110979
1428413462825295878
1428413482026868742
1428413502088040450
1428413502729986049
1428413559927623680
1428413583151484929
1428413592458743811
1428413600901783557
1428413714600849411
1428413721429282816
1428413721479614466
1428413722419138562
1428413731013283849
1428413744095252486
1428413744149827592
1428413748381954051
1428413777813385219
1428413806217154575
1428413806242316298
1428413806431154177
1428413811917312002
1428413814991687680
1428413821115379721
1428413837418586118
1428413853503737857
1428413888933019657
1428413889428008969
1428413898613534723
1428413901457264649
1428413911657852930
1428413920809832448
1428414008986640391
1428414009879891974
1428414012711215104
1428414035666554888
1428414056831102987
1428414057229561861
1428414063093166083
1428414064720502784
1428414069594337282
1428414070819102727
1428414140834537473
1428414152846970888
1428414180823076866
1428414185336152064
1428414205493981185
1428414224628334593
1428414243523731460
1428414261521489931
1428414279921901571
1428414284158181379
1428414296862511104
1428414304924098564
1428414305784016899
1428414309093318664
1428414309433069576
1428414319511887876
1428414323840409604
1428414379855425536
1428414382917124100
1428414410326958085
1428414428710572037
1428416345490837507
1428416346082140167
1428416399412715520
1428416406161350656
1428416428286300161
1428416434443628555
1428401372722987009
1428401462292398087
1428401517602684928
1428401627350945794
1428401636511211522
1428401661639372801
1428401687899815937
1428401781919334406
1428401800869208064
1428401951667064837
1428402029223989249
1428402204277346310
1428402476361920524
1428402538210938883
1428402703374356482
1428402774732152843
1428402917363658757
1428403124113494017
1428403217717731334
1428403413763698691
1428404262514614276
1428404277974904843
1428404285960769538
1428404367070224384
1428404497831927815
1428404669362094084
1428404723573526529
1428404777168343043
1428404779852595204
1428404821468528650
1428404856964980739
1428404905274974211
1428404911092510726
1428404914041016321
1428404957800173572
1428405020307959809
1428405441168613386
1428405532830978054
1428405535578206208
1428405540330352645
1428405720123387909
1428405818240737294
1428406032729088003
1428406315437731850
1428406502935642114
1428406811837743104
1428406952653111302
1428406956696510466
1428407014556844039
1428407086719832065
1428407219398316033
1428407220530733058
1428407243049996303
1428407244027318277
1428408380624756738
1428408469527404546
1428408539320569862
1428408618513272834
1428408645944029188
1428408653481185289
1428408676054978570
1428408817138667523
1428408858414829570
1428408908842950659
1428408928598175750
1428409040074428419
1428409236308955141
1428409279145398272
1428409373211205635
1428409602719236098
1428409634180665344
1428409721657167877
1428409788703121410
1428409802892382219
1428409855564451847
1428409880155545603
1428410122313871363
1428410197752565762
1428410251628400645
1428410430427484165
1428410549797224449
1428410554784362501
1428410638947192836
1428410702658682891
1428410741556658180
1428410798884413441
1428410813035995144
1428410820137033730
1428410822993354755
1428410897895153665
1428410898251665408
1428410917210017798
1428410997870583818
1428411006867410950
1428411040522457095
1428411045975105542
1428411071761633289
1428411084722016261
1428411710789017605
1428411766820716544
1428412204706058245
1428412301066088448
1428412329516011523
1428412445345947653
1428412449540218888
1428412472772505614
1428412499741847556
1428412708760719364
1428412738288726022
1428412763404132359
1428412863975149575
1428412971936534530
1428413105210540033
1428413372568162309
1428413451584606215
1428413528545931268
1428413573357871119
1428413607520374786
1428413713757863941
1428413828367142912
1428413907446779908
1428414063164497921
1428414093053026307
1428414144710053894
1428414149776773131
1428414161558589441
1428414235739148288
1428414691500609539
1428414744768225285
1428414762560507919
1428414834979262464
1428415556911353862
1428415704181575683
1428415712054415361
1428416107547959300
1428416143597912066
1428416347445383171
1428416412884865026
