tweet_id
1404876360733147149
1404876366118457344
1404876375303987201
1404876391959703562
1404876397626200072
1404876408887734275
1404876409974267912
1404876417196716033
1404876443201511432
1404876443990040582
1404876461832540167
1404876470145650696
1404876472544813057
1404876476365803520
1404876478970576905
1404876486595731466
1404876489905037312
1404876497945563141
1404876498599821312
1404876504023113731
1404876508099874816
1404876524818288641
1404876536008822790
1404876559144701958
1404876562743300103
1404876579004616706
1404876580166455299
1404876580501876743
1404876589318361088
1404876592715759618
1404876596658335745
1404876597304381441
1404876599376302081
1404876599858798593
1404876624177340428
1404876661590474756
1404876667005325316
1404876683077996550
1404876716720459780
1404876717039046658
1404876776711639043
1404876781761425411
1404876785070845953
1404876797699891209
1404876799176237056
1404876848018907138
1404876851839909893
1404876865047781380
1404876868503969792
1404876879006404616
1404876880730374144
1404876964968767493
1404876990239457284
1404876993175470091
1404877002331594756
1404877024368418820
1404877025177915403
1404877028793491460
1404877031649824771
1404877039430156288
1404877040302673927
1404877047504179203
1404877048871542784
1404877051463704594
1404877059030192137
1404877062939283465
1404877068949766147
1404877112247476226
1404877131130286086
1404877144354955264
1404877152819068933
1404877173236781063
1404877183517138947
1404877190332833792
1404877201972072451
1404877218359255040
1404877236117856261
1404877240425500674
1404877271970713603
1404877278434127875
1404877291780517897
1404877296008318979
1404877300164972546
1404877307651764224
1404877314077433862
1404877346235064322
1404877347837333505
1404877355290664965
1404877357547196422
1404877366967549959
1404877378967552019
1404877379793678339
1404877388660580353
1404877390845710345
1404877393039343616
1404877394121535497
1404877410269634570
1404877422214979586
1404877467257556998
1404877480067059719
1404877505862029313
1404877529102573570
1404877538971820035
1404877549851848708
1404877552901099520
1404877567862075399
1404877576754143235
1404877592436510724
1404877606655254530
1404877618613157888
1404877622526550019
1404877627513622536
1404877627727417344
1404877630223048715
1404877637529518086
1404877652536741889
1404877683935301633
1404877684396724226
1404877697273184257
1404877711106052103
1404877721805619203
1404877724326432775
1404877724448006144
1404877724641026055
1404877741460176896
1404877765795528710
1404877787459108866
1404877812482416642
1404877839581724677
1404877840160415744
1404877868404908033
1404877871051591684
1404877873270300679
1404877875975704583
1404877884712439813
1404877897018581010
1404877897488347138
1404877901523083265
1404877911161716741
1404877921865580553
1404877924399001603
1404877926865248257
1404877935933284356
1404877979768008713
1404877985514147846
1404877995626700807
1404878009706848260
1404878024173101058
1404878056846659584
1404878064278982668
1404878089801408512
1404878094457094150
1404878100538613762
1404878101029568512
1404878107065126920
1404878111435599876
1404878112513478663
1404878119207641094
1404878127604682771
1404878136626532354
1404878160089567242
1404878164258549765
1404878165189693441
1404878190997164035
1404878198622597120
1404878228532219910
1404878239877718021
1404878292075913216
1404878301223604229
1404878317220737025
1404878363353927683
1404878366885527553
1404878369729265668
1404878387043262465
1404878392382607364
1404878404244094979
1404878434078179331
1404878437391667200
1404878437970583561
1404878443918004225
1404878455041187840
1404878464247812098
1404878470241525761
1404878471936057351
1404878471982104582
1404878478638387200
1404878546691047428
1404878607512576005
1404878612902387722
1404878613665693696
1404878625099321344
1404878628895268871
1404878634276593670
1404878641637605385
1404878655143165965
1404878670502764544
1404878702379417601
1404878719328538625
1404878729088835592
1404878765986041863
1404878803835318275
1404878806041694213
1404878820985946119
1404878846869057536
1404878857023463424
1404878878011801600
1404878881702793219
1404878884449910784
1404878891064430593
1404878892301754372
1404878892796682245
1404878911381647372
1404878921984843782
1404878956940173316
1404878974271041539
1404879006802055175
1404879008823717894
1404879044974350348
1404879045347659776
1404879070924480514
1404879085298454532
1404879109688369157
1404879129686777860
1404879134044479492
1404879135776940036
1404879153351041024
1404879159386685454
1404879172221214730
1404879204626440203
1404879204865478664
1404879207331635200
1404879218064953346
1404879226818465800
1404879230123532294
1404879237513838596
1404879244820455428
1404879258577743882
1404879276990664709
1404879278949294083
1404879298016780291
1404879306921291777
1404879316161286148
1404879346322624514
1404879407051907076
1404879418628128769
1404879430145785866
1404879431882088448
1404879437297065986
1404879438370705417
1404879440069513218
1404879469588795392
1404879489591484417
1404879521170419715
1404879528531529731
1404879580024868867
1404879619443068931
1404879621670248451
1404879651743338497
1404879666318565379
1404879673104814080
1404879697478049799
1404879703379484678
1404879717468184579
1404879717866655748
1404879719351345160
1404879797185126402
1404879799416344578
1404879809566625795
1404879844698169350
1404879849416757252
1404879852029853697
1404879885546491905
1404879929896996865
1404880022859563017
1404880026978422792
1404880063489875972
1404880067159789571
1404880082439749632
1404880087380598787
1404880108247293953
1404880114895183873
1404880120750522373
1404880129801719810
1404880136114167815
1404880138890891266
1404880179722391555
1404880181194526720
1404880220432343041
1404880222051344393
1404880244905938945
1404880258025787397
1404880261419089924
1404880267198844931
1404880282533208075
1404880283229462534
1404880316783812608
1404880330419539973
1404880343212068864
1404880358764646401
1404880401085173763
1404880429677789196
1404880439433515010
1404880483603804160
1404880501685510148
1404880549701984267
1404880564553981967
1404880588306321425
1404880599777689603
1404880604852887553
1404880610255065096
1404880622770954245
1404880647982882818
1404880663103389698
1404880675887587331
1404880699463811079
1404880701825093634
1404880742123966466
1404880748423876608
1404880802509434880
1404880825792012297
1404880830523187210
1404880841675886594
1404880844704071693
1404880859275186178
1404880861930082319
1404880874596974595
1404880920251863042
1404880928284020736
1404880939361112064
1404880957329526793
1404880966255009792
1404880968268267531
1404880973611732992
1404880982419902466
1404880992926642181
1404880996776828929
1404880997418778632
1404881032352919552
1404881039940591622
1404881041333047300
1404881043157667842
1404881059905425409
1404881076359778304
1404881080008724491
1404881099302576128
1404881101185818628
1404881102519607297
1404881110421676033
1404881113122807812
1404881116172013576
1404881117921034243
1404881122870366213
1404881124371877888
1404881131317702660
1404881135298043913
1404881138603200515
1404881153992105984
1404881183801028614
1404881183935188997
1404881194295218178
1404881196996349958
1404881198443270152
1404881202427748358
1404881203598082055
1404881213546975237
1404881224678715397
1404881238830292997
1404881269360635911
1404881284028108805
1404881285739384840
1404881286326472709
1404881288142757892
1404881316324298752
1404881333306941441
1404881337442525184
1404881376747261957
1404881393474162688
1404881393621078021
1404881413111832577
1404881422972817411
1404881433382985729
1404881437011156994
1404881450147540992
1404881458448175121
1404881472574660608
1404881485329539076
1404881489481940999
1404881491528667140
1404881492371775499
1404881501448196098
1404881518204489737
1404881519013994498
1404881533194756097
1404881540576907271
1404881545832415232
1404881551754772486
1404881552845291522
1404881566170558470
1404881578787020808
1404881594612170753
1404881620839153664
1404881638140559366
1404881644943646722
1404881663923048448
1404881667576172551
1404881670172549131
1404881688799465472
1404881696583942145
1404881704838438917
1404881715705921537
1404881727093411846
1404881727848435713
1404881749260308489
1404881762157748225
1404881765068640257
1404881768302321666
1404881784660185097
1404881803148726280
1404881819212865540
1404881850888294406
1404881870081380353
1404881884170031111
1404881885218717698
1404881896828456961
1404881906777432064
1404881919121166338
1404881934719848454
1404881936733007875
1404881938926739457
1404881945281040388
1404881951690006536
1404881951824224265
1404881954529419264
1404881957113065474
1404881962427326464
1404881965686341633
1404881974712541186
1404881984032280578
1404881994580963328
1404881994769653770
1404882007109292045
1404882013832744960
1404882014973661186
1404882019558043652
1404882025962737680
1404882036461125634
1404882044027555842
1404882047949287428
1404882056627167233
1404882066215510016
1404882082900287490
1404882085496725506
1404882111878897673
1404882120171003905
1404882120800079877
1404882123618668549
1404882124050616325
1404882132246405138
1404882141238943744
1404882149711482885
1404882161522688003
1404882162281861125
1404882196465344519
1404882207987089412
1404882210860240896
1404882243139538955
1404882245836550151
1404882261288304646
1404882263452626946
1404882285657309188
1404882287309869060
1404882298345037826
1404882341332406280
1404882342288805889
1404882348374564866
1404882360533925888
1404882364791021570
1404882370461933575
1404882374739992577
1404882384642883589
1404882397036834817
1404882420617392140
1404882421514866688
1404882462438723586
1404882481917140998
1404882490922258435
1404882504704618498
1404882505220624387
1404882527060439042
1404882538028490757
1404882546291200003
1404882562472873988
1404882564242980866
1404882577287106566
1404882588028768259
1404882602616627201
1404882605963726850
1404882609663102981
1404882650062598145
1404882656202944512
1404882688016744448
1404882701904191492
1404882705561526272
1404882709109948417
1404882712415150080
1404882742811189252
1404882745893953539
1404882805323145217
1404882832770666497
1404882833517297665
1404882852169269255
1404882860633329666
1404882902945603591
1404882905005006848
1404882952073383940
1404883001830424578
1404883004284149762
1404883014539227136
1404883025540927494
1404883026002202629
1404883027508011009
1404883035665936394
1404883041047044098
1404883082818248704
1404883087977111552
1404883093966659584
1404883094037880832
1404883094923059205
1404883103991074817
1404883107111747586
1404883133850398727
1404883146663809025
1404883154809274373
1404883176598630403
1404883215278555146
1404883216939556866
1404883222245347342
1404883239500759047
1404883282135764994
1404883288125231104
1404883293183610884
1404883296060805126
1404883306815107073
1404883324338900993
1404883340465897475
1404883341007110144
1404883350297456641
1404883377463910411
1404883386599157766
1404883388146798594
1404883389791014913
1404883410754195457
1404883411500740612
1404883453213122570
1404883457646465024
1404883469155569668
1404883478999617545
1404883485261713408
1404883491448254469
1404883498368909322
1404883507122475010
1404883510180007936
1404883514936414213
1404883544485339138
1404883557626097671
1404883559052107779
1404883595702018054
1404883607466901509
1404883632037142528
1404883645140176900
1404883652861784067
1404883658327179270
1404883680456282113
1404883737813340162
1404883778225512448
1404883784827379717
1404883796390993924
1404883796424597506
1404883803072569345
1404883835964252162
1404883878150651904
1404883886577008640
1404883909691658245
1404883923327401988
1404883928691978242
1404883929203621895
1404883939622281219
1404883942495461377
1404883949550252032
1404883954541502467
1404883955602673667
1404883971125792770
1404883977270403083
1404883996786450435
1404884010740830208
1404884019985240082
1404884021813780486
1404884024955396099
1404884034765803523
1404884070887264259
1404884073798156293
1404884087937155076
1404884113606201350
1404884145638158343
1404884156618874887
1404884171101724673
1404884176726265860
1404884182497640449
1404884209261441025
1404884247282737152
1404884289095933953
1404884302140215302
1404884343265366026
1404884367609155586
1404884375162933252
1404884393513132033
1404884403583606788
1404884406242775043
1404884408599973903
1404884455664332807
1404884462878576643
1404884465009283074
1404884468377268236
1404884472584052736
1404884485951442946
1404884500484702208
1404884519472177153
1404884524354387968
1404884543040000004
1404884549620928518
1404884569250279431
1404884571645255680
1404884572911833091
1404884573150928898
1404884581107613699
1404884583376637960
1404884587701022723
1404884603727384585
1404884606566862849
1404884612476813322
1404884621003825164
1404884622090162180
1404884635759296517
1404884636703113219
1404884639165132804
1404884660610535424
1404884672966967308
1404884681296855050
1404884684375482373
1404884689937223680
1404884694123044864
1404884698049003521
1404884702155186177
1404884717627977728
1404884729330077705
1404884737672548352
1404884738100301827
1404884748078563343
1404884763173867523
1404884770387943424
1404884773462589444
1404884774452334598
1404884797458161667
1404884797839740931
1404884816135393283
1404884835261423623
1404884838168006662
1404884838843183105
1404884840437239815
1404884845994594318
1404884885085503491
1404884887337934850
1404884891527958535
1404884900419932166
1404884906979868678
1404884915070640128
1404884916588859394
1404884921072640007
1404884932690780162
1404884958250864640
1404884974768115713
1404884981193711618
1404885002244874242
1404885002739863552
1404885013053816834
1404885034398531584
1404885047904247810
1404885059031736322
1404885080586264585
1404885082066894856
1404885100328783873
1404885103210291213
1404885112756572160
1404885113138298885
1404885120851578893
1404885142095732745
1404885145144934405
1404885151365189644
1404885157295931393
1404885181211807746
1404885184890257410
1404885188811894793
1404885194537119757
1404885203135385601
1404885212836859911
1404885218150993920
1404885224958406667
1404885236081741824
1404885239739125769
1404885254435975179
1404885257795612678
1404885266066808832
1404885277668167684
1404885289168998404
1404885289219264512
1404885290687283200
1404885302293024770
1404885306491424774
1404885307942711299
1404885310970945536
1404885358039420938
1404885366147104772
1404885368122576900
1404885405829373959
1404885411206414340
1404885415069356037
1404885419175600128
1404885425228034055
1404885434849714181
1404885447248015360
1404885496401117196
1404885509432745984
1404885523907362821
1404885528562987009
1404885530442141698
1404885536742023170
1404885540898496512
1404885554412634120
1404885559466770432
1404885584863182857
1404885602143817731
1404885602638630912
1404885613518721025
1404885618077974529
1404885649858043909
1404885650793549830
1404885659463135243
1404885672624861189
1404885682011639813
1404885699925532676
1404885702970646534
1404885707135533057
1404885716769857542
1404885728392253448
1404885737250689028
1404885748990595074
1404885751662317571
1404885774256988164
1404885775083257862
1404885778921099264
1404885781987184652
1404885782498840577
1404885792372240385
1404885795689963521
1404885811271716866
1404885811515080704
1404885821199618057
1404885833002409988
1404885848731041795
1404885861364289550
1404885868142338051
1404885874085711879
1404885892733489157
1404885899989635078
1404885908869062667
1404885912396255232
1404885945107849222
1404885946873622528
1404885952904847366
1404885974853771272
1404885984039350272
1404885986560069634
1404885989076746242
1404886002234187780
1404886003911888898
1404886023595859974
1404886026179522567
1404886039425171456
1404886058249113606
1404886087777112066
1404886101391708161
1404886119129419780
1404886143905189890
1404886145356513285
1404886149252980745
1404886195901894658
1404886217632714768
1404886227166191619
1404886273085612035
1404886280396214278
1404886286142476292
1404886287665057792
1404886295386722305
1404886317075476480
1404886334586621956
1404886342346100745
1404886354585137153
1404886367243489288
1404886370154430467
1404886379138633729
1404886471987937280
1404886475116847111
1404886487934590976
1404886490774188034
1404886517806514184
1404886556318572545
1404886560550621193
1404886563381727233
1404886579785703425
1404886583015264259
1404886589889712135
1404886622492106755
1404886632222937088
1404886670558830594
1404886690926370818
1404886700036444163
1404886703119163395
1404886703316291584
1404886719464345607
1404886721267896326
1404886741572624394
1404886746945495043
1404886757624139777
1404886788896866306
1404886810333941760
1404886810505977860
1404886834447011840
1404886835730403336
1404886874045313028
1404886888025047044
1404886902222774290
1404886903065808905
1404886904512733188
1404886904869371907
1404886920916832260
1404886940009238536
1404886955293396992
1404886960796274690
1404886968119349253
1404886973517602818
1404887002005135362
1404887006031790084
1404887006719528960
1404887024621035525
1404887026386808838
1404887045907136518
1404887050164314112
1404887058095788034
1404887068338057217
1404887068426346500
1404887085383880711
1404887087904661515
1404887135144976384
1404887165650276359
1404887169848709124
1404887198038736904
1404887198227390470
1404887205055660034
1404887227256147973
1404887239797182466
1404887265487118342
1404887282050535426
1404887296558632961
1404887305303822338
1404887308399267846
1404887316452188161
1404887331992113158
1404887362858106886
1404887364468711426
1404887388208480262
1404887402771005445
1404887419384631300
1404887430407225346
1404887430608662528
1404887432647094272
1404887439039160324
1404887492571152387
1404887494685036554
1404887494731210752
1404887499596603394
1404887541401239563
1404887547252252683
1404887554952945674
1404887566428655624
1404887610145845253
1404887621231390721
1404887628235767810
1404887629842292745
1404887634896470016
1404887653883940866
1404887676487151620
1404887677007286281
1404887679351799814
1404887700675702796
1404887705394159618
1404887708456030212
1404887720510595073
1404887723215921153
1404887724847296513
1404887731092680704
1404887738298552330
1404887746989203456
1404887762554216453
1404887763569102851
1404887783370592261
1404887790366695426
1404887802991501316
1404887805671653386
1404887818153959430
1404887828237111296
1404887833635024898
1404887863314034690
1404887892959375367
1404887903382159373
1404887904262914048
1404887917902938125
1404887920104939526
1404887930276036611
1404887931530231822
1404887937796521994
1404887951209869315
1404887956867923968
1404887983732494339
1404887986668453890
1404887996130893825
1404888005182099458
1404888028770975749
1404888048928653314
1404888055274684418
1404888057589997573
1404888063210369028
1404888071213101069
1404888081996656643
1404888088158031878
1404888089022042114
1404888090297212928
1404888097402376193
1404888106541662211
1404888139349569544
1404888164829958148
1404888205929988096
1404888207305609226
1404888220270313472
1404888221713117187
1404888233503342600
1404888237810855942
1404888254990667781
1404888263769403400
1404888269347856397
1404888278835290118
1404888288788422660
1404888302101086210
1404888329645068305
1404888349479931905
1404888365942595588
1404888370527023107
1404888379473514499
1404888390693056512
1404888395332001795
1404888399610368010
1404888401921425409
1404888404840566787
1404888415171137548
1404888415393493000
1404888439644852224
1404888440567742472
1404888448201199617
1404888450164084737
1404888468925394945
1404888470787592200
1404888480711426057
1404888488370229254
1404888504446898182
1404888510021132288
1404888514353901573
1404888531391164416
1404888538617892882
1404888548751278084
1404888552769351683
1404888555319705605
1404888563838242826
1404888577612279809
1404888584864161792
1404888585581613057
1404888590975442945
1404888596339998725
1404888597837320199
1404888601603805184
1404888604296597505
1404888609640042502
1404888619647647749
1404888645996273664
1404888659359420417
1404888669257822208
1404888669752860673
1404888688467849216
1404888695069675520
1404888699112988677
1404888703953162246
1404888722936631297
1404888727403515913
1404888728531836930
1404888730586976263
1404888753114648582
1404888753978724355
1404888755912200196
1404888757011156994
1404888777936486408
1404888781115826186
1404888791769174016
1404888800871038980
1404888806201958407
1404888806583681032
1404888811679662087
1404888815622316032
1404888826921852932
1404888831590031360
1404888832017797121
1404888834316324866
1404888835423715337
1404888839760478208
1404888850409963529
1404888854813888514
1404888878411038720
1404888890721243136
1404888900657635328
1404888902880661506
1404888928461725709
1404888931091595264
1404888933356429314
1404888943070388226
1404888952402812931
1404888957326958597
1404888959625355268
1404888966093062145
1404888967380537346
1404888989329412096
1404889003602722817
1404889004848205824
1404889010997280769
1404889018358247424
1404889054752169989
1404889057172377606
1404889063535034372
1404889065481293826
1404889078026342401
1404889091863425026
1404889095944302592
1404889100042211328
1404889113355079682
1404889114886000648
1404889119424196618
1404889122452484110
1404889141184274438
1404889148742324227
1404889165876060166
1404889182628102146
1404889187577479180
1404889259820171264
1404889264828125189
1404889293236146181
1404889308725747715
1404889309942108174
1404889326857732114
1404889331316269057
1404889334638125068
1404889334894018564
1404889337213427714
1404889339398561794
1404889358889631747
1404889412304003081
1404889421774831619
1404889424425590788
1404889427609112577
1404889433816637445
1404889434928132096
1404889436790349835
1404889456415543296
1404889465659723776
1404889466997817346
1404889478720901126
1404889505849655298
1404889509884575747
1404889513395167234
1404889513642573832
1404889517228691459
1404889526909165570
1404889550133006344
1404889571503099910
1404889612686925836
1404889616595963907
1404889666575339524
1404889674217312264
1404889690751311878
1404889694253588480
1404889713815719939
1404889755578507264
1404889774519947266
1404889782908604427
1404889810322460675
1404889812159676423
1404889813027745792
1404889874558246912
1404889902815252480
1404889918292246531
1404889938278113283
1404889944594817025
1404889958414962705
1404889962798096384
1404889987825520642
1404890020734025728
1404890044373024775
1404890054779183105
1404890077122150400
1404890080775450633
1404890090225160203
1404890092238512130
1404890097342889989
1404890112698163201
1404890120466190344
1404890124610068493
1404890124639518722
1404890126090711042
1404890126426296330
1404890134575783939
1404890177529647104
1404890189592465408
1404890209511161857
1404890211436347394
1404890218675769344
1404890243938017280
1404890246794432523
1404890252179824651
1404890254138544132
1404890265400320017
1404890283033042945
1404890289668595712
1404890292797394944
1404890304138915847
1404890305757855744
1404890307238432779
1404890352654356489
1404890363865800704
1404890429213097984
1404890433709346825
1404890471420280835
1404890539187531777
1404890571458625542
1404890585450876933
1404890615670886400
1404890660671459332
1404890664140263428
1404890669701808143
1404890673434800132
1404890694007861250
1404890708327153668
1404890723510542338
1404890744884768770
1404890769849266183
1404890778036547586
1404890821149835266
1404890828213035009
1404890844784697348
1404890855052357635
1404890882998882304
1404890889923801089
1404890914875744261
1404890929589260291
1404890941333413889
1404890962854297607
1404890962887913490
1404890965719068672
1404890984023048194
1404891019670437888
1404891045280763906
1404891053065396225
1404891080936595459
1404891102683959296
1404891104395284484
1404891104764436480
1404891155284832261
1404891181935476745
1404891186901422086
1404891207004794886
1404891250952753156
1404891265951481860
1404891277385252871
1404891285002100737
1404891285207621636
1404891323434508298
1404891346549235715
1404891353440473102
1404891386550358019
1404891386630098944
1404891394272006146
1404891413884542979
1404891421966880769
1404891425540608008
1404891429466525699
1404891435791380481
1404891445673091080
1404891450580488196
1404891453117980674
1404876360942768128
1404876363505430531
1404876363606147077
1404876364222636033
1404876365141135360
1404876411442188294
1404876471433416708
1404876508443840512
1404876538156310535
1404876551510966272
1404876559261995009
1404876571534561284
1404876777256898564
1404876793673404420
1404876817367015434
1404876869628014598
1404876901991141377
1404876902335188994
1404877088692264964
1404877125669228545
1404877583846498305
1404877595078926337
1404877625882025984
1404877726935404546
1404877732526309380
1404877793813581828
1404877870107922435
1404877953692020738
1404877981982629897
1404878029659181063
1404878033606041602
1404878040455421955
1404878121715736581
1404878133044600836
1404878350255013900
1404878412733247491
1404878424712257540
1404878506320973826
1404878571437445125
1404878700940722179
1404878847053635585
1404878888791154696
1404879015417204736
1404879050137612292
1404879061860618247
1404879167150120960
1404879210120888328
1404879362227376136
1404879581291728904
1404879699059167232
1404879765996253189
1404879877854183425
1404879907516260355
1404879981428228098
1404879995701321729
1404880055445168134
1404880072071270403
1404880213561929732
1404880259623817223
1404880262970937344
1404880297594822656
1404880431087030277
1404880546438647809
1404880595021357056
1404880616852701185
1404880866904477697
1404881089185910786
1404881129203716104
1404881485925081098
1404881576249499648
1404881645044330497
1404881728523706371
1404882001350610956
1404882081147146244
1404882296272941056
1404882345593802753
1404882353080569857
1404882517740724225
1404882651702562816
1404882653397069824
1404882677992288263
1404882776608940033
1404882814135418885
1404882846909673484
1404882879226781697
1404882918900568066
1404882956838182920
1404883120084733955
1404883138677936130
1404883156386394112
1404883206785146882
1404883280000917504
1404883357800943616
1404883365451517958
1404883704581967876
1404883827856715787
1404883887109640199
1404883895280091139
1404883909972611074
1404883911415631880
1404883962854445058
1404883984761376770
1404883991405158402
1404884004181057547
1404884027627036673
1404884064977444866
1404884073542156290
1404884130609893379
1404884143863959557
1404884190890442761
1404884226059735045
1404884230589489153
1404884265494585344
1404884307534045186
1404884311178891268
1404884355990708225
1404884372176650241
1404884396252008456
1404884418523709446
1404884451092570116
1404884563621388291
1404884654189056010
1404884686116057088
1404884688762642432
1404884690499084288
1404884717187436545
1404884738666598400
1404884831486431235
1404884894287896576
1404884981575520265
1404885007458578444
1404885218360643584
1404885231392460804
1404885256440799236
1404885287654862850
1404885307443400705
1404885322593226753
1404885333817319426
1404885413500579841
1404885427941613571
1404885430030438403
1404885554022518786
1404885638604898307
1404885901822640133
1404885988472655872
1404886019061780491
1404886197021732866
1404886252483190789
1404886265661698048
1404886311991922693
1404886636597501956
1404886642087841796
1404886663453679624
1404886712212406272
1404886763559178240
1404886790067179520
1404886967695912963
1404886968094408717
1404886974796869637
1404887306524315649
1404887354096115731
1404887459071152128
1404887495347740674
1404887542189727746
1404887561772875780
1404887606928842762
1404887663220596739
1404887681830621191
1404887684598833154
1404887684682706949
1404887684921839616
1404887692723122179
1404887787405549569
1404887801032761345
1404887846822031360
1404887851108552706
1404887902455205888
1404887925402202113
1404887992603332612
1404887994218074113
1404888049507614733
1404888245876531200
1404888296354897922
1404888299311874051
1404888448843010052
1404888462348718080
1404888594184015875
1404888646101000195
1404888685238263811
1404888725230809088
1404889048930525186
1404889086754762757
1404889087480320004
1404889101896241155
1404889116186120201
1404889200512536579
1404889258540814348
1404889414057152514
1404889581590396935
1404889587063918598
1404889637697564676
1404889691866898434
1404889798201032707
1404889871626522628
1404889977813573633
1404889983249485834
1404890011430961160
1404890023661641729
1404890058973323269
1404890085351477257
1404890115223195648
1404890155794587651
1404890171565346822
1404890231812263939
1404890232907091982
1404890292101124096
1404890316193345540
1404890317329895424
1404890572666687491
1404890576588214276
1404890714404790279
1404890739637731334
1404890937755635716
1404890985725841415
1404891001513295872
1404891008425472003
1404891153355395078
1404891167016239107
1404891192257662982
1404891362454081541
1404891437506965504
1404876365166485509
1404876368198868995
1404876386020564993
1404876392236453898
1404876393180192773
1404876396183257093
1404876408627744768
1404876431268761611
1404876436041875463
1404876457344745487
1404876458548416516
1404876458703691796
1404876471336849408
1404876499568766983
1404876514768961538
1404876531453808642
1404876557160681473
1404876566115631107
1404876602329214981
1404876605969899525
1404876669261803525
1404876697179148292
1404876728372273159
1404876737570381829
1404876739403292679
1404876752141303810
1404876763394678784
1404876817975099392
1404876867203706881
1404876868881465345
1404876887428534273
1404876887650967554
1404876909062901766
1404877024729042949
1404877026712981504
1404877058665291779
1404877058870702080
1404877289968443392
1404877339276754947
1404877409585963013
1404877473763008515
1404877513801748481
1404877540536184834
1404877582575624192
1404877618382622726
1404877726662598658
1404877837790703618
1404877971937107969
1404878015624925185
1404878403984052226
1404878476365156353
1404878509122654213
1404878569940062213
1404878638151987201
1404878639368388615
1404878722621227018
1404878784310960128
1404878820423917570
1404878845908598785
1404878847326232576
1404878862488682501
1404878879332962311
1404878906197516299
1404878955681746945
1404878966490636291
1404878968059305989
1404878995104034821
1404879061407596546
1404879158493188106
1404879174419075075
1404879180789993473
1404879224373141511
1404879245915168768
1404879286004289536
1404879396780056584
1404879397899968520
1404879404988350467
1404879454564978689
1404879486743613440
1404879510806409218
1404879511683018756
1404879548710330374
1404879549121323012
1404879598203060224
1404879638082506761
1404879652733210627
1404879654167666693
1404879664485736454
1404879721070989312
1404879723788849155
1404879728666988549
1404879733054189569
1404879777262014468
1404879790692311045
1404879811953283072
1404879818529939458
1404879822321504262
1404879858979770370
1404879899945488386
1404879921693003777
1404879922821222400
1404879935764848645
1404879947517382656
1404879983328235521
1404879988579573760
1404880022150729734
1404880044829331457
1404880054757232643
1404880092711501825
1404880135455662080
1404880152270618631
1404880167084908544
1404880220734242820
1404880237389877251
1404880286362521606
1404880289684287488
1404880307246047232
1404880308894371841
1404880379740368903
1404880386807582726
1404880449906876419
1404880465199251467
1404880485638148098
1404880516554313729
1404880562473639936
1404880565355094017
1404880578034368512
1404880583235342338
1404880615233572866
1404880719596322819
1404880741729771528
1404880743407435783
1404880791641939969
1404880834402816002
1404880860546056198
1404880964518567940
1404881195276529665
1404881208845213698
1404881393667117060
1404881399275048969
1404881421102112774
1404881524231749634
1404881532636962819
1404881541071708160
1404881592200355845
1404881760303845379
1404881790096007173
1404882166648082437
1404882227587133440
1404882242317455363
1404882243487666179
1404882322160246784
1404882325675118597
1404882375679545349
1404882386043744262
1404882394415603717
1404882405371035650
1404882455853600769
1404882578713235457
1404882608266358784
1404882619016396805
1404882651488702473
1404882664876740613
1404882673403846662
1404882675761045508
1404882697286131712
1404882723823665152
1404882725618790409
1404882754525933568
1404882941549875208
1404883002904170496
1404883024840364034
1404883070788923401
1404883127772893189
1404883132571082754
1404883179740090371
1404883205602246659
1404883317472780295
1404883324422610946
1404883339962630148
1404883359583592450
1404883383872856067
1404883384850128903
1404883418157039620
1404883423530000387
1404883491586781184
1404883557663772676
1404883622230827009
1404883680561074192
1404883709040472072
1404883761729359876
1404883815349338112
1404883833598660612
1404883862367477765
1404883911042383872
1404883911058939907
1404883911964979201
1404883927270150147
1404883974506287109
1404883988498497537
1404883989232500737
1404883997726019585
1404883998053183491
1404884029699149826
1404884056412676096
1404884080471183370
1404884121420288006
1404884170946531339
1404884171349241861
1404884176571142149
1404884219327885316
1404884290618462208
1404884334474104844
1404884356380958735
1404884374638628864
1404884395799060489
1404884397254483972
1404884403684270088
1404884453533655045
1404884453739175943
1404884481568395271
1404884507170385929
1404884515676319744
1404884522978582530
1404884525390471168
1404884539101483008
1404884542863912964
1404884546630336517
1404884548891164681
1404884549545377799
1404884555006361600
1404884592146931723
1404884622094307336
1404884653450817539
1404884839627689991
1404884869700898824
1404884912914763776
1404884943289864193
1404885027847118859
1404885049833574401
1404885084818313226
1404885148412284939
1404885153042681859
1404885263449530370
1404885335587262465
1404885498523422720
1404885967551479816
1404886011256127492
1404886015639265282
1404886027240607744
1404886039076954112
1404886097591607296
1404886111646883840
1404886132417040385
1404886139912298499
1404886145301987329
1404886162221637635
1404886185080676352
1404886200691875843
1404886234112135177
1404886244849504258
1404886385107124236
1404886400885870593
1404886421274386436
1404886426718806028
1404886432875892736
1404886435631673353
1404886436105625603
1404886441939849217
1404886477419560970
1404886493257216008
1404886508625145873
1404886520025206785
1404886537297334275
1404886588564201475
1404886593010245637
1404886627193954308
1404886628808658945
1404886632944316423
1404886665693470721
1404886680545398785
1404886714741661696
1404886724963143689
1404886727039275010
1404886727161008131
1404886733112680448
1404886737357266944
1404886737885741058
1404886762808217600
1404886800561328129
1404886850490220546
1404886882232594434
1404886899379036162
1404886917032914950
1404886928126664704
1404886942077145094
1404887017738145795
1404887026537840645
1404887034980814848
1404887049535164418
1404887054778052617
1404887086537216003
1404887119122911233
1404887122956464131
1404887127566000129
1404887130564870148
1404887181491986433
1404887181760552961
1404887198298746881
1404887272319819778
1404887342805102594
1404887362950238211
1404887381434535939
1404887399906385925
1404887414703902724
1404887418419957764
1404887433133494275
1404887461088698372
1404887490469695490
1404887545062821897
1404887553770151940
1404887585730686976
1404887684632375299
1404887712063234051
1404887719080251393
1404887722683158534
1404887748306247682
1404887763988717573
1404887934222934021
1404887942074613767
1404887944805167107
1404887951549648904
1404887958948360194
1404887966191849478
1404888037163737097
1404888038229032968
1404888050560344066
1404888133926277121
1404888147272548360
1404888179115802630
1404888261651218433
1404888321621331968
1404888327438880772
1404888336955674626
1404888338650251268
1404888347852554244
1404888377376260101
1404888385265799169
1404888394275209219
1404888511065604096
1404888514911772678
1404888756394639362
1404888759317917702
1404888796454260736
1404888831694888962
1404888844076519426
1404888902654124039
1404888938523729927
1404889025794748419
1404889114197905408
1404889124616740868
1404889167449014285
1404889340556292096
1404889354779205636
1404889413243621377
1404889768476000265
1404889776143187973
1404889779242733574
1404889792127582212
1404889792530223107
1404889793612423175
1404889806497144832
1404889821521354753
1404889835593244680
1404889843012976654
1404889857923637249
1404889869881597953
1404889902144176132
1404889933534449664
1404889936000696324
1404889941239386113
1404889967202029568
1404889985430478852
1404890008947941385
1404890017005199363
1404890034839375873
1404890046860300288
1404890050203095047
1404890056339427339
1404890071497576448
1404890079231873027
1404890085766610950
1404890141756313602
1404890174904057863
1404890199524622336
1404890205375631364
1404890207963553796
1404890224224878594
1404890228062576646
1404890236023345158
1404890238271504391
1404890245049499662
1404890260807557122
1404890266062888960
1404890266406834176
1404890267602259971
1404890281611247629
1404890283192561671
1404890312473026565
1404890318059847680
1404890324846186504
1404890334786641932
1404890340042149898
1404890350494404609
1404890365811900419
1404890376087953409
1404890377727918085
1404890383545425922
1404890391573319680
1404890414818238467
1404890425639456774
1404890449202933762
1404890475136495626
1404890480744308738
1404890544661315587
1404890548163518470
1404890567339917314
1404890616010612736
1404890626018222083
1404890680846131206
1404890687510876161
1404890688400076805
1404890696016871425
1404890700429340677
1404890744121446406
1404890774819454978
1404890777390620676
1404890794264252420
1404890796281667584
1404890816452218880
1404890855123599361
1404890858642628619
1404890879232561161
1404890926636486660
1404890938086883335
1404890944755863556
1404890969267396611
1404890978016706560
1404890981036695553
1404891000900927490
1404891002658340865
1404891004868730888
1404891013127315456
1404891034690150405
1404891041313005570
1404891066063626244
1404891079460233221
1404891102784720907
1404891127640113154
1404891150390116358
1404891175874613251
1404891234540343305
1404891240836042758
1404891250159988744
1404891258607210497
1404891290542686212
1404891320452366346
1404891322482413570
1404891360608636931
1404891399695355909
1404891419089666053
1404891428640149508
1404877716944396291
1404878006028423170
1404878423617675264
1404878952523501570
1404879141820895234
1404879213073731591
1404890021174337543
1404877781603864580
1404877793561747456
1404877845940350982
1404877922679263237
1404877961153613826
1404878020712693761
1404878034877005825
1404878037716373505
1404878092053716997
1404878320853000192
1404878328507551744
1404878400720969733
1404878408140558341
1404878457654370310
1404878468895195143
1404878618107465731
1404878653402456066
1404878699258912776
1404878729088806917
1404878832776224784
1404878864933916680
1404878965421088779
1404879067376140292
1404879099416350723
1404879218912104451
1404879245453709316
1404879281847742469
1404879565743431684
1404879596193943552
1404879727815503879
1404879754969247746
1404879787231907843
1404879824284315649
1404879867695468547
1404879942773469184
1404881618599399431
1404881700375646217
1404881829585375237
1404881856739397632
1404881869892636685
1404881898338328576
1404881901287006210
1404881980760670215
1404881990403334145
1404882008430448643
1404882055826006018
1404882078387392514
1404882202245140488
1404882220876132353
1404882274273820675
1404882376170291200
1404882394583293953
1404882418742566917
1404882476347138052
1404882513705594882
1404882536111636488
1404882653837283330
1404882659508170752
1404882747307474945
1404882747919802371
1404882779507073027
1404882862491504646
1404882873950277633
1404882889125371907
1404882907995443202
1404882930036580354
1404882952106897409
1404882997850087425
1404883013729767425
1404883075926872064
1404883159599259654
1404883297017098247
1404883390671769603
1404883446963466241
1404883448804818944
1404883505746743303
1404883576114532353
1404883636185231361
1404883646666919941
1404883692296708101
1404883715176665093
1404885366256119818
1404885527216771075
1404885552252469249
1404885554592989184
1404885583009288207
1404885662965264385
1404885666161299458
1404885735740784644
1404885736185282561
1404885794163085317
1404885895061381128
1404885999734255618
1404886010350260228
1404886050355437580
1404886059398336526
1404886080910938119
1404886132068732928
1404886169188376576
1404886176125890570
1404886397874540546
1404886418233700363
1404886495123619843
1404886548546424832
1404886581639483394
1404886651394998275
1404886672618229764
1404886700476669954
1404886808090054662
1404886983797788680
1404887070456360967
1404887084528291843
1404887085291642881
1404887097421570051
1404887251406843907
1404887343421657095
1404887349612494851
1404887379098361858
1404887417446936576
1404887431866990598
1404887457280233474
1404887541430423552
1404887555636617217
1404887588138225668
1404889200181264386
1404889228933308425
1404889258423468032
1404889351587254279
1404889412018839552
1404889555254136832
1404889585994407942
1404889662460682245
1404889709638086657
1404889719100555277
1404889755985252353
1404889840026632197
1404889881076277252
1404889904052641793
1404889954224939008
1404889966556200973
1404890045505576962
1404890344928407552
1404890385827069954
1404890424427237377
1404890464336191490
1404890469339832325
1404890503397580800
1404890578094104587
1404890633198784517
1404890700223639555
1404890736185810946
1404890738870173705
1404890805085609990
1404890806541037575
1404890823708217349
1404890953010319363
1404890994638741505
1404891100318515203
1404891181213966336
1404891207285809159
1404891248544997378
1404891355244072962
1404891360205983754
1404876403741499396
1404877824960434186
1404878388091834375
1404878853202493443
1404878942834659334
1404879251464204289
1404879334813229056
1404879438966407168
1404880045257236484
1404880163217805325
1404880549643177991
1404881958828711942
1404882133685096448
1404882163405893636
1404882203058839555
1404882745080389640
1404883054594772997
1404883311869284355
1404883362976829440
1404883843446808578
1404884000917921800
1404885175864025093
1404885229366566913
1404885475354087431
1404886143615881219
1404886364395651074
1404886413817098244
1404886512655872004
1404886657288097796
1404886931796807680
1404887048926998534
1404887188375023627
1404887500456407040
1404887578902515720
1404887597122469890
1404887902581006336
1404887988656611328
1404888231469060097
1404888247386480651
1404888263966482437
1404889763082031110
1404890212598169604
1404890289605652482
1404890353287806977
1404890440852246542
1404890508946780162
1404890569894137858
1404890622474047494
1404890642283741185
1404890725402165255
1404890735841792002
1404890902414376971
1404891070484393992
1404891341272801284
