tweet_id
1410191382027902978
1410191384028409859
1410191389300776963
1410191393708986369
1410191398675042307
1410191404488433672
1410191412830912521
1410191419042668545
1410191428966404098
1410191439133294594
1410191457676374019
1410191475745255424
1410191497648017415
1410191501628481538
1410191505491439633
1410191505520795654
1410191510683987968
1410191524529332227
1410191528983597056
1410191546843111425
1410191550483681288
1410191550521413640
1410191554946478083
1410191556422766596
1410191563435675659
1410191579508363267
1410191587515285506
1410191619584925701
1410191621589585922
1410191625683275785
1410191634126426117
1410191639952429059
1410191641403559941
1410191643437797379
1410191664975646720
1410191667806687234
1410191673502560258
1410191695166283777
1410191697703628813
1410191708231512064
1410191714371911683
1410191725608513543
1410191738417864706
1410191748232617985
1410191765571780611
1410191798119641090
1410191822010339334
1410191835314720770
1410191847989944321
1410191885906243592
1410191930323988481
1410191933864132609
1410191972766085129
1410191977312776195
1410191987689639938
1410192060326481920
1410192075253899267
1410192115980718082
1410192124352417799
1410192134863560705
1410192143461851140
1410192169361543171
1410192172041703431
1410192193600491521
1410192207840120832
1410192214421032961
1410192219009605635
1410192232901079042
1410192246113198080
1410192259144830976
1410192263272087554
1410192298135240708
1410192300538535936
1410192322785128448
1410192345933438976
1410192383271124996
1410192386777518087
1410192409313517568
1410192441324408835
1410192468084199435
1410192476296601606
1410192485767389189
1410192487893901313
1410192518088728576
1410192524895940609
1410192528377323524
1410192533779480581
1410192539320193025
1410192545074880518
1410192550057676800
1410192552528125956
1410192596488527877
1410192615056756736
1410192618416316419
1410192621654343685
1410192629556338688
1410192633993981956
1410192643179483139
1410192652411326468
1410192655401861123
1410192657205370880
1410192699987140613
1410192728730832901
1410192729850605569
1410192741301170177
1410192762176036864
1410192767603548160
1410192778332622848
1410192792849166343
1410192799119511557
1410192804471529472
1410192809802440704
1410192813317267461
1410192821395628036
1410192822699966469
1410192828999868420
1410192836612472836
1410192844258676737
1410192848729821189
1410192850378178562
1410192856455712769
1410192863124725762
1410192864118706177
1410192868539514881
1410192879797080074
1410192893151748098
1410192893214666759
1410192897132040197
1410192925439504388
1410192952891219969
1410192969496412161
1410192980091281408
1410193004556689411
1410193004560855040
1410193010839654404
1410193016753557508
1410193023883874304
1410193024785780738
1410193037645389828
1410193038308216832
1410193040216580097
1410193054892429316
1410193083749203975
1410193084273594370
1410193114501890051
1410193130255642631
1410193135855091713
1410193136970780673
1410193137369116673
1410193172131688448
1410193176061677571
1410193176653094920
1410193207288209409
1410193222526242818
1410193232420478976
1410193241861939204
1410193255870910468
1410193265182359556
1410193266331451404
1410193267946180613
1410193296044052480
1410193299248386051
1410193308341710854
1410193323629846528
1410193334807580675
1410193339794792449
1410193339996061698
1410193352184811524
1410193362884431872
1410193364306128909
1410193389857869824
1410193392840024065
1410193393985146882
1410193396665364484
1410193398191976450
1410193398233960451
1410193424167305219
1410193435038941191
1410193448184041474
1410193450935390217
1410193475002306560
1410193476059381765
1410193511098507265
1410193521466871809
1410193522456633349
1410193528693657605
1410193535593332736
1410193572427714566
1410193574675812352
1410193575464390659
1410193590639284227
1410193591344013314
1410193596272234501
1410193600420454400
1410193619210932225
1410193619978493955
1410193627842744327
1410193636067885059
1410193638471110657
1410193650378756098
1410193651251220480
1410193665461559304
1410193670331154441
1410193670641393664
1410193677427806210
1410193681148125186
1410193682641436685
1410193683505246209
1410193683534778371
1410193683694096392
1410193703075864576
1410193719148658690
1410193719626711040
1410193731849011200
1410193743483920389
1410193765101412365
1410193772500107266
1410193782033707014
1410193784063676417
1410193790137217027
1410193809397325827
1410193816632578051
1410193820726095882
1410193826254364672
1410193833674039298
1410193841253240833
1410193844155650048
1410193857015291909
1410193857531187200
1410193860110831618
1410193860958068737
1410193862090448899
1410193866351804418
1410193874807570443
1410193882038648832
1410193887050702853
1410193908336934914
1410193908630536192
1410193911721742339
1410193915001458692
1410193927089577987
1410193932005244929
1410193947679346694
1410193948530954240
1410193953996029959
1410193961843531783
1410193965429805062
1410193966436339719
1410193966465785865
1410193973927362562
1410193977144483846
1410193998220775425
1410194004432535555
1410194006638800898
1410194010854019080
1410194010908643331
1410194011151912961
1410194016147177476
1410194024741445647
1410194047151583236
1410194052226629632
1410194069331001349
1410194070526468097
1410194071440834563
1410194071575007237
1410194076230635529
1410194095126069253
1410194097374105600
1410194106849107985
1410194109780869123
1410194116588150788
1410194120082169857
1410194129355776000
1410194129678647296
1410194135722692611
1410194138142699528
1410194150331387906
1410194150390181894
1410194151375659010
1410194164721983489
1410194178961772548
1410194205029326850
1410194209651400710
1410194211694120963
1410194226860724233
1410194232317399047
1410194233869357061
1410194238709641216
1410194254505275399
1410194256137011204
1410194272649814026
1410194275522990080
1410194283290714120
1410194295651409928
1410194298004377600
1410194301833854980
1410194329621118983
1410194329860296707
1410194333152825346
1410194334524317698
1410194346729742338
1410194349548216320
1410194365008416768
1410194375347408902
1410194384851722248
1410194387586502659
1410194395706671111
1410194398202191878
1410194416694824960
1410194444171743235
1410194451335630848
1410194470499328003
1410194472441311232
1410194494461468673
1410194496302698497
1410194503416287242
1410194505555382274
1410194510626361345
1410194514371874822
1410194518972960772
1410194577470935041
1410194612447240192
1410194627907526659
1410194630172299266
1410194661076082691
1410194665048006657
1410194672236994562
1410194673369485313
1410194674304917508
1410194690893176837
1410194691027521541
1410194698069843975
1410194723721990147
1410194728746815493
1410194731020308488
1410194738993680386
1410194758786588675
1410194758811725824
1410194762431451137
1410194766021660678
1410194788599566338
1410194793221672960
1410194815833280517
1410194848318111748
1410194888394567685
1410194905264234496
1410194932250333196
1410194949719703555
1410194991935332352
1410195006082719745
1410195011392749568
1410195056066060296
1410195083924807680
1410195088760770562
1410195097384259584
1410195098881728519
1410195114182516739
1410195116141256713
1410195119278497794
1410195121790803977
1410195156746256386
1410195187771580420
1410195197003194370
1410195205215690752
1410195211918139392
1410195227764199424
1410195232344489992
1410195232365350916
1410195248417054722
1410195270550360064
1410195279131840512
1410195294374010886
1410195334366732290
1410195385499504641
1410195397247737857
1410195412405743616
1410195451706499080
1410195454579515394
1410195476511543305
1410195484849889281
1410195519696216069
1410195521017323524
1410195535231741952
1410195541447880705
1410195545323454467
1410195548116717571
1410195551677734915
1410195564784979970
1410195577619505153
1410195603963981828
1410195631830822913
1410195634133508100
1410195640995532811
1410195642866040833
1410195644443107339
1410195659769090053
1410195660771577860
1410195671668436997
1410195697266151427
1410195700730716160
1410195701066199041
1410195703515602946
1410195703981383680
1410195731453972487
1410195733123198984
1410195739142148096
1410195745555288066
1410195759211950081
1410195786202157056
1410195788186140674
1410195802606166017
1410195813242867715
1410195823451721731
1410195864899948545
1410195876484616192
1410195889390456837
1410195901918875648
1410195905945366531
1410195910714269696
1410195912471629831
1410195917894946823
1410195931606171648
1410195934474997763
1410195945246105606
1410195954116923410
1410195963608801286
1410195982525030403
1410195984819179521
1410195999105093632
1410196006625492992
1410196016939343874
1410196038225481728
1410196071045767168
1410196080185147395
1410196083318394885
1410196103581032452
1410196103769870342
1410196132467118081
1410196154524979215
1410196157964242956
1410196160178962434
1410196174590648328
1410196196598157312
1410196202268676097
1410196235110203393
1410196237803003906
1410196242617880577
1410196245700747271
1410196247336660992
1410196255909855233
1410196285831979008
1410196301942243330
1410196323593199616
1410196342744313859
1410196361929277441
1410196381386543106
1410196394426601475
1410196398117695488
1410196415595253767
1410196419139444744
1410196434176073730
1410196438102036480
1410196501377212417
1410196505076678658
1410196518334697476
1410196527994245124
1410196543622287362
1410196549666328583
1410196555924230144
1410196569295577088
1410196582801330183
1410196598223687686
1410196604125159424
1410196609317576706
1410196621665746948
1410196621762215937
1410196649306099726
1410196649469779970
1410196655090012163
1410196658407813126
1410196671904976903
1410196682407661568
1410196695485497346
1410196715970326528
1410196717966970880
1410196721305534469
1410196722609836038
1410196722928787457
1410196724304465922
1410196735922745344
1410196741282963459
1410196769619783685
1410196773029695492
1410196785000116225
1410196798493310977
1410196803648200705
1410196806647095298
1410196809322991616
1410196826523770882
1410196829841498116
1410196831150166018
1410196835491356673
1410196861118414848
1410196875437694987
1410196881536339970
1410196886460448770
1410196901752983552
1410196933122088963
1410196938423734279
1410196947168792576
1410196974796644352
1410196979800543233
1410196989677953026
1410196990395400199
1410197007092781060
1410197018266513423
1410197023110975499
1410197037560340481
1410197045252702209
1410197049572798470
1410197050566795272
1410197058133315587
1410197085018787842
1410197103889035266
1410197117096894465
1410197130178879488
1410197167281737729
1410197169097818112
1410197171408932865
1410197183454867458
1410197199154257926
1410197199653380100
1410197225272184835
1410197231383334917
1410197238341672964
1410197245128024066
1410197250165284866
1410197250538545158
1410197255236165632
1410197288962625537
1410197304317992962
1410197307514032136
1410197314531172358
1410197341144031237
1410197345153781762
1410197356025454592
1410197358327914503
1410197367157149703
1410197382319456258
1410197384819351556
1410197387621113856
1410197387902029824
1410197395380506625
1410197400010989568
1410197409842360321
1410197416008208385
1410197430751182853
1410197434945445896
1410197450237882369
1410197454465679361
1410197456239878144
1410197457070444547
1410197466046140423
1410197469254893570
1410197475848228866
1410197513404047360
1410197529975693318
1410197530894344196
1410197537508806658
1410197541803626498
1410197559889498114
1410197567573475330
1410197568160632835
1410197575102124039
1410197580970180608
1410197581582454786
1410197591887810562
1410197592215011328
1410197595276791815
1410197598934347783
1410197600666542082
1410197610124750852
1410197618370789376
1410197630261542914
1410197637710614530
1410197650884816898
1410197658074075136
1410197662058614791
1410197666852655106
1410197671604858880
1410197672766541831
1410197680215711749
1410197684301008896
1410197697299111939
1410197704173658116
1410197704601325576
1410197716173348865
1410197728114745353
1410197736989806593
1410197740550705155
1410197748226441230
1410197752533852162
1410197786293944321
1410197789733175300
1410197791402610705
1410197796687319045
1410197815268052998
1410197819613450249
1410197822515777537
1410197827699965953
1410197828211810312
1410197837187620864
1410197839859359748
1410197853155196928
1410197860826615816
1410197868154003459
1410197869672472578
1410197885149495296
1410197903633641476
1410197916401217537
1410197931873816581
1410197932591222787
1410197943554953219
1410197954556841987
1410197963800989699
1410197973586395141
1410197980011974658
1410197980758614017
1410198023825625095
1410198025599913986
1410198026019393537
1410198032470233090
1410198037750763525
1410198037759246338
1410198042448261121
1410198044222578690
1410198047431303178
1410198063365476352
1410198067622596610
1410198067756797954
1410198069472280577
1410198070231453697
1410198085381365768
1410198099033673733
1410198117593534465
1410198127982772224
1410198130814066690
1410198170609487873
1410198188003192835
1410198191035670535
1410198197373489158
1410198203211948037
1410198206571556872
1410198222824296450
1410198226150514691
1410198230856441862
1410198248816578562
1410198248887816200
1410198256957673477
1410198259113422849
1410198265589637120
1410198267628077057
1410198280110182400
1410198302839214088
1410198306085433350
1410198312184070145
1410198318760796163
1410198322128773122
1410198328017571841
1410198331847065606
1410198332191002624
1410198333008777217
1410198335357587457
1410198354148143105
1410198356136169478
1410198366764548096
1410198370744897536
1410198407415795722
1410198420019580928
1410198428823474176
1410198432959115269
1410198460519886852
1410198462163943424
1410198464202514437
1410198468933545991
1410198478781878272
1410198481172631553
1410198515511353347
1410198528731893762
1410198534549245960
1410198568720388102
1410198574973947904
1410198580892213251
1410198589142310913
1410198614744436737
1410198617260965892
1410198621170155523
1410198631450218498
1410198670838927366
1410198690061451273
1410198698496118791
1410198701642076160
1410198758231482368
1410198772215279618
1410198774006247425
1410198802150170628
1410198803395878918
1410198815307612164
1410198860119556096
1410198908337278979
1410198924300894208
1410198932123275266
1410198933540851713
1410198934451101701
1410198941703053312
1410198948208390148
1410198956789813248
1410198976809238529
1410198990327488514
1410199002486919176
1410199018836303872
1410199048347287554
1410199052818563073
1410199053846020107
1410199100583125000
1410199113522585603
1410199119147134977
1410199135534333954
1410199154874269700
1410199182170808323
1410199190475624453
1410199209752530948
1410199223304339461
1410199230019346444
1410199236281516032
1410199244716261381
1410199259706691585
1410199265104830477
1410199283551383556
1410199298331987969
1410199327121850371
1410199331190325252
1410199340220567553
1410199346885193730
1410199351692038146
1410199355550617606
1410199361196285953
1410199363226308615
1410199402682146816
1410199410907168769
1410199423351726080
1410199442242912263
1410199443522174983
1410199446554562569
1410199449540911109
1410199451516522498
1410199451629727752
1410199507862659076
1410199517157277698
1410199523310309378
1410199533611483137
1410199535071137793
1410199538028093443
1410199545569443840
1410199556604694530
1410199561277034505
1410199585893531653
1410199593543950337
1410199616096813059
1410199632567848960
1410199635944214531
1410199647612592136
1410199680298934272
1410199694190559237
1410199708480454661
1410199708707004416
1410199717183586308
1410199717359669249
1410199722363654145
1410199725698125824
1410199747193868295
1410199756916281349
1410199784162463745
1410199795432448005
1410199810469023745
1410199815753973765
1410199817679257600
1410199853485932545
1410199871022190596
1410199872582688768
1410199883307524102
1410199894271270920
1410199905747021829
1410199908972367878
1410199912785055744
1410199939888599043
1410199949728534528
1410199952274432010
1410199973375799297
1410200009799241729
1410200021857980419
1410200040807743492
1410200048160362497
1410200074077065218
1410200083820421130
1410200092389298184
1410200108944134144
1410200129483669505
1410200158357368837
1410200159485632516
1410200164892090373
1410200183615393798
1410200187319037953
1410200202108182537
1410200204817620994
1410200226447728643
1410200229941481482
1410200269560950784
1410200282823155718
1410200298556215296
1410200299218817027
1410200313169129482
1410200334321033217
1410200358308167681
1410200358928871425
1410200363404349446
1410200379732770821
1410200381855047687
1410200387714314242
1410200401975021572
1410200403451465729
1410200408803450883
1410200432794812419
1410200470543650817
1410200472179273740
1410200474590924800
1410200477669658632
1410200477933973505
1410200478902857730
1410200502562955266
1410200506060787715
1410200514197954563
1410200528043364354
1410200533823021057
1410200535387426816
1410200540592578565
1410200546481348614
1410200595647156229
1410200604140441602
1410200634612097029
1410200637007187970
1410200656686862340
1410200665117413376
1410200695937118208
1410200696410951684
1410200697484857351
1410200703084138497
1410200731588739076
1410200758461468674
1410200770876743680
1410200775054135302
1410200776681664518
1410200810978426883
1410200813373382659
1410200846910955522
1410200852187418625
1410200862081835011
1410200876719955971
1410200880192831498
1410200901202190337
1410200903131541509
1410200930876903434
1410200951823245316
1410200965630865409
1410200974673776641
1410201010929389569
1410201021008297984
1410201033553289220
1410201035981803527
1410201039882526724
1410201039924613122
1410201051119161345
1410201052532649990
1410201062380761091
1410201101542977541
1410201104445591560
1410201127631548416
1410201135986655235
1410201137970434049
1410201150138339329
1410201150222225416
1410201151941849094
1410201154353602564
1410201156698136578
1410201183277420554
1410201184120365060
1410201198087446530
1410201213459591169
1410201220082511876
1410201225899831297
1410201230777978887
1410201239170830336
1410201258405908480
1410201260188475392
1410201268212043777
1410201291033169922
1410201299707174917
1410201311807782921
1410201314458435585
1410201321790230531
1410201326164795397
1410201332196204549
1410201335945957377
1410201347589300233
1410201362550435842
1410201386667569160
1410201387493900290
1410201389565886467
1410201400223617026
1410201400513081353
1410201404824645636
1410201405860712452
1410201414714810376
1410201429038485510
1410201440954597377
1410201444276441090
1410201447526981632
1410201448344915973
1410201448399441925
1410201448562921478
1410201456968351748
1410201457131982852
1410201458641936385
1410201463943487488
1410201466174857218
1410201469542973444
1410201469945450499
1410201473707696134
1410201477004644355
1410201502547857413
1410201505349705734
1410201514149244936
1410201517366202370
1410201523406229508
1410201523410411520
1410201532050534407
1410201534273507335
1410201543979278339
1410201552346832900
1410201554666377216
1410201568679497732
1410201571644821509
1410201572475342853
1410201573234561034
1410201582055170049
1410201587859877890
1410201599113269257
1410201616477736963
1410201622031044610
1410201622467186689
1410201624631398407
1410201626539806724
1410201642796990472
1410201645321842688
1410201645661798407
1410201648421556234
1410201659184074752
1410201674166198272
1410201681619570690
1410201696731635713
1410201703555739650
1410201704742621190
1410201714649612296
1410201742646595590
1410201745532276737
1410201753367179265
1410201755900579843
1410201757507108864
1410201765132263424
1410201774364016641
1410201789815681026
1410201796069502976
1410201799122882562
1410201799689216001
1410201807763148804
1410201818324508682
1410201824557158400
1410201832702554122
1410201834535464966
1410201841376301063
1410201848607395844
1410201854051553281
1410201876746887174
1410201877443223552
1410201879330578436
1410201898439909383
1410201907063406594
1410201910771081220
1410201918950068224
1410201919595991045
1410201921718214663
1410201936935100419
1410201941557325825
1410201962218287117
1410201964072239107
1410201969331884032
1410201996846641157
1410201998369165317
1410202005793038346
1410202010104836098
1410202058741923847
1410202065528410117
1410202076387360770
1410202091910541314
1410202092980125699
1410202100366204930
1410202105198039053
1410202110562611202
1410202125922095107
1410202134671331337
1410202138689540096
1410202143772921857
1410202160789344258
1410202164199366661
1410202167475064837
1410202179537936390
1410202207882973188
1410202218150694920
1410202221145464836
1410202223322320896
1410202246856462336
1410202256947908614
1410202270508191747
1410202275432173572
1410202283577589768
1410202284429033472
1410202309833854980
1410202310878404608
1410202329408757763
1410202335498969090
1410202353182126089
1410202354603888640
1410202367086239747
1410202367912411141
1410202395360047104
1410202402943340549
1410202407389249536
1410202407947079686
1410202424229437449
1410202438552854529
1410202447822299141
1410202454159806476
1410202459436355586
1410202462544302083
1410202478977638404
1410202503224958977
1410202509679935492
1410202510321766405
1410202546019262467
1410202548846354433
1410202590604824577
1410202606106988551
1410202616622202882
1410202642781978627
1410202648976973826
1410202664730693641
1410202696926130184
1410202703754637312
1410202726001221636
1410202737736826884
1410202769471033352
1410202772541263873
1410202793298710531
1410202794611650564
1410202824684810240
1410202834499420160
1410202836206428164
1410202838387544067
1410202839037538306
1410202841738735624
1410202870452998155
1410202881282777092
1410202884755632129
1410202904041033729
1410202904041033735
1410202904330375169
1410202904334684163
1410202904351449088
1410202904556978180
1410202905001463808
1410202919945781254
1410202930414825480
1410202939436765184
1410202949066932228
1410202961616117778
1410202961708466178
1410202963579183110
1410202964950724609
1410202973943304193
1410202983414042628
1410202985867538442
1410203036467744770
1410203095758426117
1410203098618888195
1410203104423911424
1410203112934105093
1410203129912516609
1410203158668787712
1410203167409721349
1410203222094991365
1410203222187429890
1410203226595414016
1410203231469420545
1410203244161388548
1410203313354719235
1410203333390831619
1410203342416990208
1410203342836535297
1410203361148817410
1410203398901846021
1410203405147123717
1410203406816493568
1410203413607034890
1410203424835125250
1410203432645021707
1410203435664822274
1410203464945344514
1410203479793152000
1410203503377612803
1410203508775833600
1410203509979594755
1410203535979925507
1410203549875814401
1410203560042799105
1410203572843823106
1410203579349147660
1410203579831435269
1410203599070711808
1410203626962919427
1410203631761035268
1410203644415205378
1410203656780226567
1410203657711333379
1410203697775325190
1410203733665878018
1410203776619843584
1410203795758452740
1410203812371910662
1410203818911010816
1410203833255575555
1410203848283770881
1410203851974533121
1410203855439253510
1410203859549569024
1410203868340834304
1410203889693978630
1410203892764266498
1410203894412677121
1410203902771970049
1410203907981254657
1410203920517971968
1410203923957252097
1410203951387975686
1410203952042311688
1410203962041507843
1410203965090717698
1410203970291838982
1410203973013979138
1410203977162108932
1410203985777238024
1410204029272137735
1410204030761148421
1410204071437291523
1410204084750139401
1410204092589170688
1410204099216355330
1410204114689007624
1410204125241950212
1410204153331212302
1410204154107252743
1410204165712797697
1410204171891101696
1410204188760592384
1410204230871306243
1410204232184127490
1410204233421529091
1410204236709781506
1410204241516498946
1410204242795761666
1410204245144571907
1410204257308098565
1410204267550498816
1410204292967981057
1410204314925142018
1410204322906923015
1410204323531853824
1410204329366065153
1410204344084008960
1410204349016457218
1410204355224088579
1410204357937741824
1410204359271591937
1410204382235226115
1410204389227171849
1410204400581332995
1410204406507786244
1410204412979650563
1410204467211948038
1410204484513456133
1410204499726249988
1410204503995916294
1410204581053730820
1410204585302560771
1410204591749177346
1410204608694296584
1410204609365397506
1410204621268717572
1410204637077151746
1410204664101064706
1410204685412311042
1410204687467483143
1410204722141696006
1410204739904720897
1410204748876115972
1410204785685549059
1410204787828686850
1410204796129316866
1410204800264945665
1410204803742015488
1410204832644976641
1410204832724656131
1410204854622978053
1410204855713554434
1410204855994503169
1410204861950533635
1410204868581728263
1410204877687513089
1410204897014910982
1410204916283543552
1410204916308660228
1410204929105403905
1410204939918319616
1410204947384356865
1410204951893069829
1410204983581085701
1410205000391970818
1410205000425480195
1410205000450641923
1410205000551309312
1410205004615622656
1410205011414487041
1410205017538170881
1410205035930259467
1410205036488146952
1410205038627102720
1410205039671627778
1410205044708810754
1410205050731855872
1410205053730758659
1410205062404530182
1410205068712812549
1410205073972490243
1410205075033792521
1410205082642223108
1410205102099644417
1410205103471185928
1410205107686461449
1410205108550393862
1410205112631443459
1410205116876087298
1410205121166852099
1410205139114237953
1410205142058680325
1410205142276874244
1410205147959947267
1410205153995673600
1410205156352856067
1410205160224268288
1410205165341315077
1410205170072436736
1410205177890496516
1410205181883699203
1410205200695103494
1410205203756892161
1410205233435877383
1410205240335364099
1410205243263139840
1410205245527973891
1410205265627127810
1410205306966130693
1410205320786370564
1410205322061430787
1410205327170080770
1410205327572750336
1410205335189540864
1410205335743238146
1410205336921939969
1410205359541686282
1410205374104416261
1410205376809738244
1410205381616406537
1410205384955027465
1410205391837872129
1410205393305886722
1410205397328314368
1410205399282712579
1410205400088129536
1410205404395720707
1410205414755487744
1410205440282144768
1410205446686875657
1410205447383027713
1410205447647268867
1410205452651094021
1410205454886596614
1410205458619531268
1410205458657210374
1410205462889390089
1410205469189230597
1410205498973081600
1410205502181679107
1410205504375230468
1410205508460433410
1410205515120930817
1410205523472007173
1410205526345068544
1410205527636951040
1410205534116978689
1410205541259907079
1410205548482420738
1410205550453874688
1410205555180728320
1410205561120038918
1410205562369986562
1410205570800361479
1410205572062924801
1410205573539262464
1410205583618285571
1410205587590238208
1410205587741319170
1410205599263084544
1410205615574638594
1410205618028244996
1410205620918054918
1410205622960672768
1410205633534697473
1410205635359088645
1410205644590886916
1410205656720707588
1410205659983872001
1410205670570434562
1410205683853643779
1410205711787716609
1410205714488999938
1410205731551318021
1410205736513253377
1410205739763830794
1410205747237978116
1410205752342433793
1410205780192677889
1410205791282475008
1410205795791212545
1410205803680776195
1410205806620938243
1410205817140236290
1410205836257935371
1410205838724247562
1410205848035545090
1410205849025277963
1410205859116765185
1410205861721563137
1410205868788908043
1410205869170692096
1410205874073718801
1410205875353047044
1410205891765411845
1410205896442011648
1410205922283212805
1410205933683290114
1410205937588187138
1410205943879643140
1410205954625486853
1410205958513598468
1410205959893532678
1410205961734742017
1410205965006278663
1410205976016289798
1410205982114803715
1410206028952702980
1410206030752063489
1410206032350126083
1410206045461483520
1410206061940731910
1410206075215810561
1410206075974979584
1410206100700372996
1410206107746832391
1410206112679333893
1410206116487831557
1410206117712601089
1410206127531384832
1410206127816679430
1410206152147836935
1410206161916280840
1410206189120626688
1410206207197974530
1410206219848069123
1410206241792659459
1410206262546079745
1410206282313764868
1410206284985552897
1410206285757288449
1410206295521693697
1410206328296034306
1410206395266330625
1410206395321012228
1410206407371100166
1410206411955572738
1410206453168840704
1410206454649344004
1410191391993389056
1410191395617378307
1410191413879443459
1410191424126136322
1410191431331844097
1410191522713145352
1410191523099070469
1410191533261918219
1410191534801264645
1410191595333468161
1410191604162367492
1410191680251252740
1410191826649288707
1410191829786451984
1410191846102478854
1410191846916116490
1410191849755607046
1410191954642567170
1410191967024123906
1410192020111458305
1410192093167894532
1410192137455538177
1410192149010857988
1410192215842770947
1410192228912451584
1410192273984442370
1410192275330633728
1410192519883808770
1410192533163057152
1410192625873743879
1410192705951617028
1410192712758808582
1410192713572626435
1410192729208938498
1410192803603255298
1410192861602140164
1410192873354665987
1410192881126580224
1410192960444977153
1410192960545648640
1410192976614027271
1410193021765832706
1410193032708775937
1410193044108988424
1410193189307289608
1410193196039118852
1410193270089543687
1410193351224152067
1410193427187257344
1410193573333532672
1410193713851252738
1410194019217444865
1410194200587653124
1410194270133395457
1410194274348568577
1410194509464584193
1410194509493854211
1410194567748587521
1410194640544747520
1410194740348260355
1410194740679610370
1410194820920926210
1410194864889753604
1410194922016215040
1410195045253218304
1410195081009766403
1410195095417151488
1410195178934112263
1410195190019772417
1410195309507006467
1410195369066106881
1410195478432555009
1410195483893526530
1410195545872818176
1410195612004409344
1410195829894389761
1410195911565787138
1410195927298625538
1410195932818247681
1410196132945334276
1410196147394596864
1410196325828812802
1410196392371527681
1410196423916900359
1410196464525971458
1410196465050337287
1410196563910021120
1410196588929208322
1410196596323672068
1410196648316178434
1410196748862038017
1410196918664318982
1410197031256150016
1410197361272315909
1410197497117614080
1410197585550184455
1410197634166366216
1410197673576001540
1410197952962777090
1410198132550340612
1410198231238258693
1410198387081814016
1410198688190902279
1410198771523362817
1410198919808647174
1410198933712916485
1410198951412764674
1410199013534703622
1410199018257321988
1410199121542238213
1410199201011671048
1410199201024200704
1410199201082974215
1410199204144758786
1410199438912483328
1410199513579458561
1410199554289373187
1410199603052302350
1410199699664089089
1410200161125486594
1410200190452072448
1410200216620306437
1410200268667564033
1410200406378962946
1410200407410941955
1410200408375562243
1410200515699425283
1410200552798052353
1410200618455777283
1410200670926483456
1410200682175549443
1410200693554700288
1410200872148037632
1410200905916497921
1410200947330981890
1410200958496280578
1410200992126160897
1410200999705419781
1410201041442836480
1410201318099099652
1410201412194246657
1410201701664055308
1410201808023261186
1410201886913929226
1410202008141766659
1410202034729635840
1410202183077875717
1410202214052864000
1410202398077820934
1410202412552540168
1410202463240704001
1410202470438084616
1410202492667842563
1410202707185520642
1410202714848509955
1410202717449039872
1410202719902654473
1410202727225962497
1410202741750726661
1410202789179969541
1410202801016299521
1410202911632609282
1410202945845485569
1410202988371533827
1410203013373902854
1410203172916826112
1410203354731528194
1410203423274852354
1410203436457496579
1410203457634672641
1410203527536807936
1410203665173000194
1410203669539262467
1410203690082783238
1410203952432381952
1410203973881974788
1410204000809406467
1410204003909177347
1410204009819000839
1410204166379745281
1410204430419607553
1410204521062600704
1410204578696646661
1410204729553137667
1410204779767382017
1410204824038100992
1410205053143638017
1410205388071395333
1410205474419511296
1410205524679876608
1410205629021450242
1410205723179503628
1410205761368576001
1410205828762714118
1410205859716599812
1410205892771975168
1410205961634123781
1410206236256186371
1410206289188339715
1410206291163631617
1410206353361031181
1410191382447284229
1410191384733093891
1410191385916026881
1410191385991401477
1410191387232927748
1410191387996401665
1410191388587794435
1410191390546530310
1410191403498590216
1410191440722997249
1410191449023524867
1410191454274822146
1410191458355843073
1410191459811266562
1410191515855511554
1410191516178563076
1410191536311001088
1410191538018193408
1410191538903261192
1410191539255525377
1410191539305861123
1410191540090253313
1410191551502880768
1410191555504320519
1410191572612886528
1410191573808123907
1410191595857747973
1410191597808070656
1410191605840191491
1410191628816375814
1410191630808793090
1410191631085555715
1410191634164236291
1410191650706571264
1410191651046371334
1410191655664328705
1410191681799004165
1410191693614358533
1410191693970825216
1410191710127366144
1410191717194678272
1410191732688527364
1410191747359985669
1410191759708241921
1410191804129968130
1410191821867733000
1410191832605085697
1410191894504640515
1410191895536492547
1410191899726651395
1410191906487902208
1410191910992498688
1410191928726102021
1410191965535211524
1410191969838452739
1410191976021082116
1410191982207680513
1410191985596682241
1410191989581266945
1410192002826653698
1410192064965484544
1410192089632149509
1410192093583077380
1410192121383067651
1410192137572945928
1410192172176089093
1410192222016901121
1410192237716295683
1410192240442478593
1410192270297604099
1410192288098131968
1410192291147390982
1410192320998383617
1410192327327600642
1410192332348018695
1410192338563997698
1410192378250645504
1410192381941485570
1410192393056313346
1410192398920130564
1410192426699046913
1410192428972363781
1410192442805166085
1410192444679991311
1410192461482319877
1410192491391946754
1410192517266558979
1410192606458306562
1410192606617694217
1410192608807194629
1410192610292084738
1410192622824591361
1410192622887616513
1410192640885198848
1410192646182739970
1410192646644109312
1410192654827204612
1410192655192051720
1410192702193508361
1410192717678841859
1410192724930797568
1410192783483228161
1410192791812988930
1410192820829294598
1410192835886919691
1410192836553629702
1410192856614989825
1410192857298653186
1410192869701259265
1410192872394035206
1410192899615059969
1410192917226950659
1410192935417745409
1410192957861511171
1410192980145807367
1410193009363361802
1410193009526853635
1410193027029557252
1410193049750179843
1410193064363188225
1410193079617961986
1410193127030276097
1410193148282867712
1410193174937669638
1410193177395531776
1410193197335187459
1410193208680779778
1410193211692400640
1410193214229917696
1410193225642434564
1410193282265661445
1410193286262837248
1410193298619305984
1410193336338731008
1410193341724061697
1410193362737631237
1410193364734070785
1410193380748021763
1410193396770168836
1410193397135163398
1410193537551925253
1410193592497233924
1410193620829982731
1410193624634068992
1410193682121195520
1410193724894855171
1410193734847799302
1410194800570036224
1410194823273803778
1410194992577093632
1410195001959723009
1410195002962190337
1410195024025948166
1410195026001399812
1410195032116805633
1410195039414796291
1410195077801074689
1410195080447770628
1410195080896471043
1410195082360365056
1410195105340923905
1410195106951581700
1410195124185972737
1410195124835995650
1410195142942810118
1410195150505119759
1410195157165740039
1410195157488603136
1410195160772788227
1410195203504357379
1410195208420028416
1410195219300196361
1410195228636631049
1410195229051920389
1410195256478515202
1410195268440633347
1410195281568845829
1410195286979452930
1410195300594053124
1410195316704415748
1410195335989899268
1410195377886744579
1410195382064357389
1410195388871675915
1410195390083780609
1410195395574173699
1410195403220209664
1410195403350360066
1410195433767440391
1410195435348713476
1410195450330763264
1410195452302032902
1410195462641143817
1410195482102611969
1410195504907104261
1410195504995110913
1410195529393270788
1410195573030989826
1410195578030592009
1410195592014225412
1410195599492796416
1410195617507278852
1410195632434946050
1410195740547244045
1410195748403269645
1410195770746146823
1410195799905030148
1410195830112501763
1410195837288865793
1410195837737750531
1410195878040817664
1410195937969033216
1410195940565209094
1410195951755595777
1410195953705967616
1410195964233723904
1410195985096011779
1410196020437426178
1410196040389599232
1410196055870918660
1410196142860738563
1410196168148238340
1410196195587227650
1410196258615144451
1410196285802520578
1410196299517988867
1410196306019045379
1410196337493118982
1410196409647833088
1410196459836694530
1410196496386080768
1410196500521512964
1410196548726640643
1410196556293287939
1410196613356785666
1410196626656817154
1410196626950410244
1410196652447707141
1410196660731498496
1410196682478735362
1410196695086940162
1410196701575589890
1410196767459643396
1410196843250728960
1410196857486147584
1410196865258340353
1410196865749028868
1410196888666611718
1410196947625992192
1410196970766020613
1410196976147255297
1410196987794935809
1410196992349851648
1410196993805275142
1410197063590088705
1410197063812501507
1410197085727735808
1410197136705269762
1410197143617298439
1410197184423903235
1410197202060910593
1410197202132103172
1410197232184291341
1410197239381729283
1410197241273348102
1410197268850831361
1410197271564668935
1410197321871069189
1410197370105589775
1410197399574876165
1410197434232414211
1410197511290064897
1410198629441323013
1410198636873404418
1410198673716236289
1410198732281245699
1410198835633217545
1410198847880515587
1410198872383627266
1410198873755246596
1410198878536798209
1410198932702076933
1410198932861292544
1410198932882300937
1410198932895014913
1410198933666615307
1410198937936576512
1410198939949690887
1410198992089141249
1410198999416684550
1410199002142871552
1410199002432380929
1410199002436493313
1410199002767892486
1410199003954827264
1410199014906138625
1410199061798342665
1410199073429327876
1410199076700893185
1410199142320771076
1410199183659651086
1410199255034339330
1410199315587477504
1410199348328210432
1410199404397481985
1410199424333062147
1410199424500834306
1410199452187447301
1410199456369156103
1410199459095588865
1410199481983897605
1410199512807772161
1410199563906977792
1410199576804356096
1410199592625344520
1410199612569395205
1410199635486932993
1410199659939721216
1410199660187164675
1410199661902798859
1410199666659102720
1410199687009771533
1410199691929653255
1410199699827552262
1410199714914574339
1410199773173501952
1410199783201988610
1410199800780398595
1410199815342931972
1410199822477451266
1410199841649614852
1410199874667220994
1410199878676860930
1410199885534711808
1410199890584604675
1410199899292024837
1410199918992633870
1410199956821008387
1410199978287452163
1410199989872115712
1410200038891036677
1410200044737765376
1410200063628828674
1410200089067507716
1410200097053282309
1410200097992937473
1410200135750098947
1410200139722113024
1410200150048452609
1410200159271591939
1410200159405891584
1410200180801036293
1410200246974562308
1410200250145554434
1410200252141953027
1410200254834561025
1410200273427996673
1410200275487444996
1410200280671698949
1410200280738668546
1410200321419186177
1410200340557881351
1410200393716539395
1410200442504683523
1410200451790761986
1410200469289373696
1410200491582164994
1410200514411864066
1410200520208224259
1410200521349140483
1410200585056362500
1410200631558610946
1410200646788157442
1410200654073696256
1410200678501322753
1410200686281719813
1410200694502526976
1410200696964616203
1410200731475333123
1410200759963115523
1410200768242671620
1410200771526762500
1410200801939701761
1410200803571388418
1410200821413842952
1410200848815300613
1410200919602573316
1410200921464872961
1410200944948793350
1410200952204836867
1410200961394479107
1410200990968692740
1410200999646666753
1410201011692707840
1410201030319607813
1410201040113311747
1410201057226002440
1410201059033706502
1410201107306065920
1410201115963002880
1410201151077748741
1410201171206279172
1410201174674874368
1410201178487595013
1410201207835004928
1410201214004957185
1410201219163951113
1410201330501705739
1410202389580288000
1410202419083067402
1410202436334194693
1410202465681563651
1410202466000441347
1410202475177680896
1410202537492422659
1410202551824289794
1410202563438419972
1410202564767797249
1410202573269778435
1410202576767930375
1410202598683123712
1410202619306516484
1410202707047092224
1410202716782092293
1410202718497542145
1410202743944404997
1410202769479380992
1410202769873674243
1410202833438208002
1410202841474502658
1410202877474263043
1410202908394676228
1410202932969185280
1410203058760454149
1410203080881147905
1410203095158734853
1410203120886558724
1410203154084372487
1410203165576683525
1410203189043945474
1410203207326965762
1410203242592571392
1410203267972231173
1410203275656187904
1410203313992351744
1410203390714408967
1410203419894194182
1410203460528660481
1410203468845957123
1410203470897061890
1410203485908389894
1410203487582011393
1410203505353240578
1410203567072460802
1410203573871329285
1410203590803791872
1410203625717182464
1410203661729374213
1410203719124217858
1410203731451207688
1410203739336683520
1410203799243874310
1410203828171968522
1410203843229585411
1410203894056198153
1410203902096650242
1410203904084570125
1410203923961442311
1410203928738811905
1410203936137433090
1410203967628398594
1410203967947223041
1410204018991722500
1410204018995912705
1410204026390548480
1410204033122508803
1410204043612463105
1410204051808063493
1410204063451463690
1410204073446498307
1410204076927815685
1410204107231711237
1410204115959914497
1410204171043803138
1410204190878666757
1410204205869109251
1410204237066391553
1410204243630256133
1410204260961239046
1410204270318669835
1410204292925976582
1410204350052438021
1410204362891218947
1410204367542571009
1410204369723834375
1410204392838549506
1410204425029885953
1410204442796888064
1410204467887173641
1410204485259993089
1410204505497608194
1410204541442740227
1410204578134495233
1410204580898504707
1410204622283632643
1410204644874231808
1410204653904547841
1410204680618221570
1410204684065853441
1410204690596470788
1410204739204268043
1410204800159870976
1410204823962767366
1410204846330896387
1410204851510956040
1410204900072460293
1410204903113302023
1410204934654464000
1410204969471561728
1410205028514664450
1410205034567147520
1410205068813553667
1410205114766217231
1410205136199110662
1410206181566533642
1410206182871113728
1410206195449688072
1410206204912091140
1410206205843234822
1410206221898944522
1410206229914341382
1410206230002343944
1410206230014959623
1410206249413533701
1410206260662784003
1410206311728304131
1410206365088366595
1410206366296281094
1410206375146397701
1410206378774335488
1410206398999322625
1410206411699728391
1410206426358812672
1410206451671482378
1410206456583004165
1410206457069408262
1410206469253865480
1410206470868713485
1410206475998334978
1410191419000639488
1410195779092897794
1410197695046815749
1410197947879497732
1410198216432357384
1410198809934766082
1410198830004514817
1410199234922483714
1410199327062986759
1410199350345621507
1410199617157795840
1410205270928674816
1410197272747446275
1410197750197727232
1410205420665245698
1410191390936506376
1410191393574862848
1410191407470555138
1410191410570141697
1410191449845473284
1410191485358657543
1410191497044037633
1410191503142658049
1410191527859556358
1410191547232968706
1410191548994646025
1410191564064784385
1410191578019270657
1410191578254217223
1410191579562844163
1410191579642466308
1410191634122293248
1410191640774385669
1410191713440735238
1410191740888223747
1410191744650682369
1410191813630054402
1410191829954347014
1410191830373724161
1410191887357689858
1410191893141590020
1410191918001098755
1410191931280224260
1410192008346411009
1410192022372241413
1410192098309984257
1410192164185952257
1410192252870160387
1410192306930556938
1410192346738618370
1410192359359356929
1410192363658440705
1410192365457866756
1410192405995962373
1410192422005575682
1410192514171109378
1410192603971145730
1410192607653765122
1410192623575334912
1410192719046086658
1410192744643842051
1410192764432683009
1410194588967469065
1410194634488176645
1410194687756058632
1410194689945387009
1410194695691640833
1410194696643792897
1410194741740900355
1410194750175682567
1410194766143406080
1410194815568990214
1410194844534853632
1410194877078462464
1410194896808513539
1410194917784264707
1410194926764183554
1410194995064180740
1410194996565794821
1410195017621250051
1410195053662900227
1410195064916119553
1410195066468012035
1410195080145641476
1410195157564198920
1410195157887168519
1410195178074296322
1410195190724239363
1410195195145117697
1410195212412981251
1410195266351763456
1410195269350735872
1410195307279888388
1410195353064857607
1410195353299832838
1410195357066272768
1410195361877008384
1410195399051296770
1410195440121745416
1410195521113935879
1410195524033028104
1410195547349258244
1410195568618528769
1410195588595871744
1410195606069559297
1410195614038736896
1410195614592286722
1410195652311601155
1410195688898637828
1410195693109661699
1410195704857829377
1410195732338860035
1410195738177404933
1410195746234720263
1410195763229978633
1410195767818698763
1410195798105677824
1410195836168982529
1410195851251703810
1410195851348123648
1410195856607875085
1410195862001758208
1410195901767774209
1410195909946884099
1410195934634520579
1410195940145836033
1410195940464529419
1410195940514926592
1410195946470772738
1410195987734351876
1410195990468911105
1410195999847501828
1410196015311900678
1410196044252684288
1410196054016884739
1410196069078552579
1410196092558397444
1410196108274438146
1410196148288032770
1410196149756170243
1410196152700477441
1410196171428007938
1410196188268220417
1410196228034367493
1410196234015490051
1410196265770442754
1410196354933067777
1410196380262428685
1410196389959639043
1410196391603830788
1410196395538059267
1410196401225670661
1410196413682573314
1410196417268764676
1410196427163115522
1410196443525107714
1410196508574732290
1410196543399989256
1410198358208176135
1410198412276994056
1410198416353792001
1410198439808307207
1410198442094198794
1410198454333231104
1410198457164480519
1410198525254639621
1410198539322363910
1410198541969014784
1410198549497847809
1410198567541624832
1410198571845046294
1410198600991350785
1410198606225842182
1410198614622695425
1410198621291696133
1410198624739409921
1410198624831684610
1410198656960061445
1410198694230642688
1410198695157530627
1410198741806555151
1410198779182170120
1410198792507478021
1410198819904557063
1410198825608699906
1410198829098541058
1410198884966703107
1410198885167996932
1410198904591708161
1410198912783294464
1410198921226473475
1410198934077718531
1410198950481580035
1410198976603824133
1410199028621615106
1410199029741408260
1410199053787222021
1410199067406200836
1410199077657186304
1410199127942705153
1410199127993028609
1410199153536286724
1410199188042813440
1410199241021177858
1410199296205627393
1410199296218222594
1410199316648452107
1410199351855435776
1410199378829193216
1410199382637436929
1410199425423601672
1410199432893812741
1410199437981503497
1410199450107060227
1410199457388367876
1410199463600308226
1410199463893798912
1410199562569011203
1410199572421488644
1410199575567028227
1410199618722336769
1410199729032646660
1410199734640201730
1410199739275034630
1410199812985683968
1410199866182098945
1410199884515446787
1410199928656195584
1410199960700682244
1410199968040714241
1410199970335100932
1410199988924301318
1410199999443443720
1410200025867579395
1410200047669714951
1410200050949570566
1410200081412800515
1410200100740075533
1410200117466976257
1410200138488766478
1410200139764056070
1410200195317522433
1410200198014541828
1410200222307741703
1410200226909069314
1410200261151318016
1410200335101186048
1410200336367640581
1410200338011803657
1410200351635034115
1410200381158658051
1410200388108787713
1410202147598192641
1410202147996700679
1410202195623088135
1410202195908194306
1410202210097500169
1410202215965511686
1410202222487498759
1410202232012804101
1410202255794618371
1410202260508864512
1410202300514197507
1410202316024786946
1410202316041490436
1410202323851300865
1410202328657842181
1410202332646756375
1410202456231858182
1410202481523445764
1410202483734061062
1410202484111405058
1410202552033894403
1410202606077624325
1410202620434825217
1410202622091403267
1410202665846333441
1410202686591488008
1410202711329361921
1410202720242483214
1410202735467810827
1410202741708754947
1410202742111363075
1410202785509937153
1410202806443675653
1410202819379015685
1410202824915394561
1410202827100655621
1410202861137543171
1410202865113653254
1410202875913932803
1410202877474131972
1410202904057761795
1410202905064493061
1410202918825779201
1410202934130978820
1410202964040499209
1410202985087574023
1410202997980758018
1410203017064841217
1410203019803721728
1410203035029032960
1410203053651902474
1410203070852632580
1410203070995238912
1410203102502821889
1410203112065835009
1410203146027159556
1410203156638695426
1410203169120993283
1410203193473175552
1410203216810291202
1410203267284586500
1410203311811219460
1410203354723098625
1410203364378382337
1410203366605602816
1410203384716611586
1410203393151406085
1410203427951419393
1410203440496746499
1410203471329075207
1410203490526375936
1410203512055738375
1410203552757211136
1410203619803156490
1410203635317821450
1410203657451327494
1410203657849671681
1410203674815569923
1410203682663063557
1410203742163582983
1410203768092827648
1410203776204541953
1410203825982644231
1410203838867546119
1410203846589116416
1410203863437635588
1410203881175498755
1410203885667450880
1410203887257018371
1410203896643948548
1410203901626916874
1410203942307340289
1410203945377484803
1410203958916747269
1410203972116398082
1410203975165566977
1410203993939353600
1410204047802572802
1410204047957794820
1410204068933476352
1410204092497006595
1410205915916034049
1410205922794872846
1410205928138285067
1410205932563275780
1410205934081748995
1410205966621057029
1410205971641782274
1410205982668451842
1410205987638755328
1410205988393680901
1410205991124209668
1410206008199184385
1410206038129790980
1410206054479245315
1410206097378586626
1410206142605578243
1410206156354723845
1410206158116188162
1410206165011623939
1410206174637604872
1410206174876782592
1410206205574737922
1410206215381028873
1410206245684924426
1410206269789544453
1410206271215747073
1410206289339117569
1410206295525896198
1410206475599843334
1410192666776719366
1410192732577017865
1410193364025286661
1410194075131682818
1410194397543780357
1410194407228325888
1410194659972898823
1410194680680046593
1410194814033829889
1410194866949267457
1410195241894875138
1410195580127612928
1410195925327355906
1410196403586994178
1410196510239825925
1410196518485827584
1410196908400852993
1410197079901708288
1410198572549787652
1410199106740490243
1410199802495836160
1410199848318431232
1410200425697931274
1410200455787986950
1410200596708216837
1410200654392537089
1410200735896244226
1410200744641302529
1410201081771032577
1410201162662481923
1410202293828468736
1410202638839320579
1410202716014616580
1410203435132198925
1410203678276046852
1410204041330765835
1410204254351069189
1410204452137492482
1410204465391562756
1410204544965955592
1410204581183688713
1410204643167117312
1410205623053131777
1410205748546707458
1410205809015881729
1410205815835869189
1410206176323592196
